-0.435277 -0.435277
-0.549456 -0.549456
-0.469581 -0.469581
-0.436126 -0.436126
-0.722545 -0.722545
0.0504231 0.0504231
-0.752019 -0.752019
0.664801 0.664801
-0.343981 -0.343981
0.313675 0.313675
-0.435581 -0.435581
-0.698825 -0.698825
0.162547 0.162547
0.0715509 0.0715509
-0.343036 -0.343036
0.359753 0.359753
0.514386 0.514386
0.597168 0.597168
-0.08384 -0.08384
0.091941 0.091941
-0.384775 -0.384775
-0.342294 -0.342294
-0.453005 -0.453005
0.186056 0.186056
-0.702369 -0.702369
-0.729216 -0.729216
0.483127 0.483127
-0.285633 -0.285633
0.419432 0.419432
-0.0625406 -0.0625406
0.427436 0.427436
0.449909 0.449909
-0.3741 -0.3741
0.310548 0.310548
0.475658 0.475658
-0.725622 -0.725622
0.489767 0.489767
0.499631 0.499631
-0.0215757 -0.0215757
0.601158 0.601158
0.200221 0.200221
0.564397 0.564397
-0.310642 -0.310642
-0.425461 -0.425461
-0.0927329 -0.0927329
-0.559602 -0.559602
-0.331659 -0.331659
0.0831663 0.0831663
0.360494 0.360494
0.240068 0.240068
0.494973 0.494973
-0.380141 -0.380141
-0.385908 -0.385908
0.668994 0.668994
-0.16829 -0.16829
0.243482 0.243482
-0.173668 -0.173668
-0.718615 -0.718615
0.254717 0.254717
-0.0508498 -0.0508498
0.639985 0.639985
0.288577 0.288577
0.368948 0.368948
0.159386 0.159386
-0.765548 -0.765548
0.797917 0.797917
0.59148 0.59148
-0.016424 -0.016424
-0.668472 -0.668472
-0.6464 -0.6464
-0.186929 -0.186929
-0.245917 -0.245917
-0.0955303 -0.0955303
-0.0945043 -0.0945043
-0.133625 -0.133625
-0.451256 -0.451256
0.0468393 0.0468393
0.0395277 0.0395277
0.00928944 0.00928944
0.539668 0.539668
0.0487732 0.0487732
-0.396118 -0.396118
-0.665182 -0.665182
0.139066 0.139066
0.360083 0.360083
-0.532787 -0.532787
0.658055 0.658055
-0.571491 -0.571491
-0.177703 -0.177703
0.670959 0.670959
-0.419086 -0.419086
0.293425 0.293425
-0.209635 -0.209635
0.0242342 0.0242342
0.0814364 0.0814364
0.0790299 0.0790299
-0.188665 -0.188665
-0.342083 -0.342083
0.610579 0.610579
0.322996 0.322996
0.754535 0.754535
0.154895 0.154895
-0.331915 -0.331915
0.39738 0.39738
0.0563446 0.0563446
-0.306577 -0.306577
0.47011 0.47011
0.33802 0.33802
0.604939 0.604939
-0.70355 -0.70355
-0.654234 -0.654234
0.698394 0.698394
-0.159794 -0.159794
-0.798394 -0.798394
-0.0103374 -0.0103374
-0.781125 -0.781125
0.202289 0.202289
-0.349648 -0.349648
0.337845 0.337845
-0.474919 -0.474919
0.400698 0.400698
0.190794 0.190794
-0.212859 -0.212859
-0.668259 -0.668259
-0.0366535 -0.0366535
-0.645083 -0.645083
-0.32389 -0.32389
0.395706 0.395706
0.664023 0.664023
-0.7597 -0.7597
0.634583 0.634583
-0.769714 -0.769714
0.372657 0.372657
-0.645839 -0.645839
0.338862 0.338862
0.559752 0.559752
0.668038 0.668038
-0.435277 -0.435277
-0.223046 -0.223046
-0.605157 -0.605157
0.0715509 0.0715509
0.45657 0.45657
0.268002 0.268002
0.186056 0.186056
0.584575 0.584575
0.693808 0.693808
0.00468955 0.00468955
0.112532 0.112532
-0.127265 -0.127265
-0.469581 -0.469581
0.533695 0.533695
-0.436126 -0.436126
-0.396519 -0.396519
-0.187097 -0.187097
-0.607751 -0.607751
-0.346891 -0.346891
0.800733 0.800733
-0.599419 -0.599419
-0.0508498 -0.0508498
0.0504231 0.0504231
-0.752019 -0.752019
0.425011 0.425011
-0.227046 -0.227046
0.708482 0.708482
0.715289 0.715289
-0.466011 -0.466011
-0.228633 -0.228633
0.574846 0.574846
0.683864 0.683864
-0.334417 -0.334417
0.0301172 0.0301172
0.546457 0.546457
-0.779908 -0.779908
0.698394 0.698394
-0.172348 -0.172348
-0.451881 -0.451881
-0.283742 -0.283742
-0.633531 -0.633531
-0.0104181 -0.0104181
-0.0729342 -0.0729342
-0.415407 -0.415407
0.427436 0.427436
0.310548 0.310548
-0.16829 -0.16829
0.368948 0.368948
0.159386 0.159386
-0.765548 -0.765548
0.0715509 0.0715509
0.797917 0.797917
-0.159794 -0.159794
0.499631 0.499631
0.601158 0.601158
0.297006 0.297006
0.186056 0.186056
-0.310642 -0.310642
-0.759585 -0.759585
-0.0927329 -0.0927329
-0.559602 -0.559602
0.192153 0.192153
0.747193 0.747193
-0.549456 -0.549456
0.360494 0.360494
-0.314163 -0.314163
-0.152654 -0.152654
-0.328723 -0.328723
-0.408945 -0.408945
0.33802 0.33802
-0.546966 -0.546966
0.240068 0.240068
0.494973 0.494973
0.0504231 0.0504231
-0.752019 -0.752019
-0.380141 -0.380141
-0.668472 -0.668472
-0.385908 -0.385908
0.0814364 0.0814364
0.27315 0.27315
-0.344507 -0.344507
-0.192676 -0.192676
0.539668 0.539668
-0.469581 -0.469581
-0.436126 -0.436126
-0.396118 -0.396118
0.322996 0.322996
-0.186929 -0.186929
-0.0508498 -0.0508498
0.414855 0.414855
-0.798394 -0.798394
-0.781125 -0.781125
-0.245917 -0.245917
-0.532787 -0.532787
0.400698 0.400698
0.698394 0.698394
-0.571491 -0.571491
-0.212859 -0.212859
-0.0955303 -0.0955303
-0.668259 -0.668259
0.670959 0.670959
0.559752 0.559752
-0.419086 -0.419086
-0.188665 -0.188665
0.59148 0.59148
-0.0945043 -0.0945043
-0.6464 -0.6464
0.360083 0.360083
0.658055 0.658055
-0.177703 -0.177703
0.293425 0.293425
0.091941 0.091941
-0.209635 -0.209635
-0.342294 -0.342294
0.0242342 0.0242342
-0.453005 -0.453005
0.0790299 0.0790299
-0.702369 -0.702369
-0.729216 -0.729216
-0.285633 -0.285633
-0.0625406 -0.0625406
-0.342083 -0.342083
0.449909 0.449909
0.610579 0.610579
0.154895 0.154895
0.483127 0.483127
0.419432 0.419432
-0.343981 -0.343981
0.427436 0.427436
0.668994 0.668994
-0.435581 -0.435581
0.604939 0.604939
0.310548 0.310548
-0.016424 -0.016424
-0.08384 -0.08384
-0.70355 -0.70355
-0.384775 -0.384775
-0.654234 -0.654234
0.754535 0.754535
-0.3741 -0.3741
0.475658 0.475658
-0.349648 -0.349648
-0.725622 -0.725622
-0.474919 -0.474919
0.489767 0.489767
0.0563446 0.0563446
-0.0215757 -0.0215757
0.47011 0.47011
-0.16829 -0.16829
-0.645083 -0.645083
0.664023 0.664023
-0.7597 -0.7597
-0.769714 -0.769714
0.368948 0.368948
0.372657 0.372657
0.159386 0.159386
-0.645839 -0.645839
-0.765548 -0.765548
0.45657 0.45657
0.797917 0.797917
0.268002 0.268002
0.584575 0.584575
0.693808 0.693808
0.00468955 0.00468955
0.112532 0.112532
-0.127265 -0.127265
0.533695 0.533695
-0.159794 -0.159794
0.200221 0.200221
0.564397 0.564397
-0.722545 -0.722545
-0.425461 -0.425461
0.664801 0.664801
-0.331659 -0.331659
0.313675 0.313675
0.288577 0.288577
-0.698825 -0.698825
0.0831663 0.0831663
0.499631 0.499631
0.601158 0.601158
0.162547 0.162547
-0.343036 -0.343036
-0.310642 -0.310642
-0.0927329 -0.0927329
0.33802 0.33802
-0.559602 -0.559602
0.359753 0.359753
0.574846 0.574846
0.514386 0.514386
0.597168 0.597168
-0.779908 -0.779908
-0.314163 -0.314163
-0.408945 -0.408945
0.360494 0.360494
-0.451881 -0.451881
-0.0104181 -0.0104181
-0.415407 -0.415407
0.425011 0.425011
0.243482 0.243482
-0.173668 -0.173668
-0.718615 -0.718615
0.254717 0.254717
0.639985 0.639985
0.708482 0.708482
-0.466011 -0.466011
0.683864 0.683864
-0.334417 -0.334417
-0.172348 -0.172348
0.240068 0.240068
-0.346891 -0.346891
0.494973 0.494973
-0.599419 -0.599419
-0.133625 -0.133625
-0.0729342 -0.0729342
-0.633531 -0.633531
-0.227046 -0.227046
-0.152654 -0.152654
-0.451256 -0.451256
0.27315 0.27315
0.715289 0.715289
-0.228633 -0.228633
-0.380141 -0.380141
-0.192676 -0.192676
-0.759585 -0.759585
-0.385908 -0.385908
0.747193 0.747193
0.0814364 0.0814364
0.322996 0.322996
-0.546966 -0.546966
0.0468393 0.0468393
0.192153 0.192153
0.0395277 0.0395277
0.00928944 0.00928944
0.0487732 0.0487732
-0.665182 -0.665182
0.139066 0.139066
-0.331915 -0.331915
0.39738 0.39738
-0.306577 -0.306577
-0.0103374 -0.0103374
0.202289 0.202289
0.337845 0.337845
0.190794 0.190794
0.400698 0.400698
-0.212859 -0.212859
-0.0366535 -0.0366535
-0.668259 -0.668259
-0.32389 -0.32389
0.395706 0.395706
-0.343981 -0.343981
0.559752 0.559752
-0.435581 -0.435581
0.634583 0.634583
0.338862 0.338862
-0.668472 -0.668472
-0.08384 -0.08384
0.668038 0.668038
0.539668 0.539668
-0.384775 -0.384775
0.483127 0.483127
-0.223046 -0.223046
-0.396118 -0.396118
0.419432 0.419432
-0.3741 -0.3741
-0.605157 -0.605157
-0.532787 -0.532787
0.668994 0.668994
0.475658 0.475658
-0.571491 -0.571491
-0.725622 -0.725622
-0.016424 -0.016424
0.670959 0.670959
0.489767 0.489767
-0.0215757 -0.0215757
0.200221 0.200221
0.564397 0.564397
-0.425461 -0.425461
-0.331659 -0.331659
0.0831663 0.0831663
0.091941 0.091941
-0.342294 -0.342294
-0.419086 -0.419086
-0.188665 -0.188665
0.59148 0.59148
-0.453005 -0.453005
-0.6464 -0.6464
-0.396519 -0.396519
-0.702369 -0.702369
-0.729216 -0.729216
0.360083 0.360083
-0.285633 -0.285633
-0.342083 -0.342083
-0.0625406 -0.0625406
0.658055 0.658055
0.449909 0.449909
-0.177703 -0.177703
0.293425 0.293425
-0.209635 -0.209635
0.0242342 0.0242342
-0.187097 -0.187097
-0.607751 -0.607751
0.800733 0.800733
-0.186929 -0.186929
0.610579 0.610579
-0.245917 -0.245917
0.0790299 0.0790299
-0.0955303 -0.0955303
-0.798394 -0.798394
0.754535 0.754535
-0.781125 -0.781125
0.0563446 0.0563446
-0.346891 -0.346891
-0.599419 -0.599419
0.47011 0.47011
-0.227046 -0.227046
-0.0945043 -0.0945043
-0.435277 -0.435277
0.715289 0.715289
0.683864 0.683864
-0.228633 -0.228633
-0.334417 -0.334417
0.546457 0.546457
-0.283742 -0.283742
0.0301172 0.0301172
-0.172348 -0.172348
-0.469581 -0.469581
-0.436126 -0.436126
0.0715509 0.0715509
-0.779908 -0.779908
-0.451881 -0.451881
-0.0104181 -0.0104181
-0.415407 -0.415407
0.186056 0.186056
0.664801 0.664801
0.313675 0.313675
-0.698825 -0.698825
0.162547 0.162547
0.154895 0.154895
0.604939 0.604939
-0.70355 -0.70355
-0.654234 -0.654234
-0.349648 -0.349648
-0.474919 -0.474919
-0.343036 -0.343036
-0.645083 -0.645083
0.664023 0.664023
0.359753 0.359753
-0.7597 -0.7597
0.514386 0.514386
-0.769714 -0.769714
0.372657 0.372657
0.597168 0.597168
-0.645839 -0.645839
0.45657 0.45657
0.243482 0.243482
0.268002 0.268002
0.584575 0.584575
0.698394 0.698394
0.693808 0.693808
-0.173668 -0.173668
-0.0508498 -0.0508498
0.414855 0.414855
0.00468955 0.00468955
-0.314163 -0.314163
-0.718615 -0.718615
0.112532 0.112532
-0.328723 -0.328723
-0.408945 -0.408945
0.0504231 0.0504231
-0.752019 -0.752019
0.574846 0.574846
-0.127265 -0.127265
0.254717 0.254717
0.639985 0.639985
0.533695 0.533695
-0.152654 -0.152654
0.297006 0.297006
0.27315 0.27315
-0.344507 -0.344507
-0.759585 -0.759585
0.747193 0.747193
-0.133625 -0.133625
-0.159794 -0.159794
-0.451256 -0.451256
0.0468393 0.0468393
0.0395277 0.0395277
0.427436 0.427436
-0.0729342 -0.0729342
0.00928944 0.00928944
0.0487732 0.0487732
0.310548 0.310548
-0.665182 -0.665182
-0.16829 -0.16829
0.139066 0.139066
0.368948 0.368948
-0.331915 -0.331915
0.159386 0.159386
0.39738 0.39738
-0.765548 -0.765548
-0.306577 -0.306577
0.797917 0.797917
-0.0103374 -0.0103374
0.202289 0.202289
0.337845 0.337845
0.190794 0.190794
-0.0366535 -0.0366535
-0.32389 -0.32389
0.395706 0.395706
0.634583 0.634583
0.338862 0.338862
0.668038 0.668038
-0.223046 -0.223046
-0.605157 -0.605157
-0.192676 -0.192676
-0.546966 -0.546966
0.425011 0.425011
-0.187097 -0.187097
-0.607751 -0.607751
0.800733 0.800733
0.33802 0.33802
0.708482 0.708482
-0.466011 -0.466011
0.546457 0.546457
-0.283742 -0.283742
-0.396519 -0.396519
0.499631 0.499631
0.601158 0.601158
-0.310642 -0.310642
-0.0927329 -0.0927329
-0.559602 -0.559602
0.360494 0.360494
0.240068 0.240068
0.494973 0.494973
-0.380141 -0.380141
-0.385908 -0.385908
0.0814364 0.0814364
0.322996 0.322996
-0.469581 -0.469581
-0.436126 -0.436126
-0.633531 -0.633531
0.400698 0.400698
-0.212859 -0.212859
-0.668259 -0.668259
0.559752 0.559752
0.192153 0.192153
-0.798394 -0.798394
-0.781125 -0.781125
0.414855 0.414855
0.483127 0.483127
-0.435277 -0.435277
0.419432 0.419432
-0.343981 -0.343981
0.668994 0.668994
-0.016424 -0.016424
-0.469581 -0.469581
-0.436126 -0.436126
-0.435581 -0.435581
-0.08384 -0.08384
-0.384775 -0.384775
-0.3741 -0.3741
0.475658 0.475658
-0.725622 -0.725622
0.489767 0.489767
-0.0215757 -0.0215757
0.200221 0.200221
0.564397 0.564397
-0.425461 -0.425461
-0.331659 -0.331659
0.0831663 0.0831663
-0.549456 -0.549456
-0.435277 -0.435277
0.0715509 0.0715509
-0.346891 -0.346891
-0.599419 -0.599419
-0.227046 -0.227046
0.715289 0.715289
-0.228633 -0.228633
0.0504231 0.0504231
0.59148 0.59148
-0.6464 -0.6464
0.360083 0.360083
0.658055 0.658055
-0.177703 -0.177703
0.293425 0.293425
-0.209635 -0.209635
-0.668472 -0.668472
0.539668 0.539668
-0.396118 -0.396118
0.0242342 0.0242342
-0.532787 -0.532787
0.0790299 0.0790299
-0.571491 -0.571491
0.670959 0.670959
-0.469581 -0.469581
-0.436126 -0.436126
0.091941 0.091941
-0.342294 -0.342294
-0.453005 -0.453005
-0.702369 -0.702369
0.683864 0.683864
-0.729216 -0.729216
-0.334417 -0.334417
-0.285633 -0.285633
-0.0625406 -0.0625406
0.449909 0.449909
-0.419086 -0.419086
-0.188665 -0.188665
-0.186929 -0.186929
-0.245917 -0.245917
-0.0955303 -0.0955303
-0.0945043 -0.0945043
-0.172348 -0.172348
-0.342083 -0.342083
0.610579 0.610579
0.754535 0.754535
0.0563446 0.0563446
-0.435277 -0.435277
0.47011 0.47011
0.0715509 0.0715509
0.0504231 0.0504231
-0.779908 -0.779908
-0.451881 -0.451881
-0.0104181 -0.0104181
-0.415407 -0.415407
-0.469581 -0.469581
-0.436126 -0.436126
-0.314163 -0.314163
-0.408945 -0.408945
-0.759585 -0.759585
0.747193 0.747193
-0.435277 -0.435277
0.0715509 0.0715509
0.0504231 0.0504231
-0.546966 -0.546966
0.574846 0.574846
-0.16829 -0.16829
-0.152654 -0.152654
0.368948 0.368948
0.159386 0.159386
-0.722545 -0.722545
-0.436126 -0.436126
0.154895 0.154895
0.604939 0.604939
0.664801 0.664801
0.27315 0.27315
0.313675 0.313675
-0.70355 -0.70355
-0.435277 -0.435277
-0.16829 -0.16829
0.368948 0.368948
0.159386 0.159386
-0.654234 -0.654234
-0.349648 -0.349648
-0.474919 -0.474919
-0.698825 -0.698825
0.499631 0.499631
0.162547 0.162547
-0.310642 -0.310642
-0.0927329 -0.0927329
-0.559602 -0.559602
0.360494 0.360494
0.240068 0.240068
-0.343036 -0.343036
0.0715509 0.0715509
0.494973 0.494973
0.359753 0.359753
-0.645083 -0.645083
0.514386 0.514386
0.664023 0.664023
0.597168 0.597168
-0.7597 -0.7597
-0.769714 -0.769714
0.372657 0.372657
-0.645839 -0.645839
0.45657 0.45657
0.268002 0.268002
0.584575 0.584575
0.693808 0.693808
0.00468955 0.00468955
0.112532 0.112532
-0.127265 -0.127265
0.533695 0.533695
-0.436126 -0.436126
-0.380141 -0.380141
0.243482 0.243482
-0.385908 -0.385908
-0.173668 -0.173668
-0.133625 -0.133625
0.0814364 0.0814364
-0.718615 -0.718615
0.254717 0.254717
0.698394 0.698394
-0.451256 -0.451256
0.0468393 0.0468393
0.639985 0.639985
-0.192676 -0.192676
-0.798394 -0.798394
-0.781125 -0.781125
0.0395277 0.0395277
0.00928944 0.00928944
0.0504231 0.0504231
-0.752019 -0.752019
-0.0729342 -0.0729342
-0.435277 -0.435277
0.0487732 0.0487732
-0.665182 -0.665182
-0.16829 -0.16829
0.139066 0.139066
-0.331915 -0.331915
0.0715509 0.0715509
0.39738 0.39738
-0.306577 -0.306577
-0.0103374 -0.0103374
0.202289 0.202289
0.337845 0.337845
0.190794 0.190794
0.186056 0.186056
-0.0366535 -0.0366535
-0.32389 -0.32389
0.395706 0.395706
0.425011 0.425011
0.634583 0.634583
0.368948 0.368948
0.338862 0.338862
0.159386 0.159386
0.708482 0.708482
-0.466011 -0.466011
0.668038 0.668038
0.499631 0.499631
-0.310642 -0.310642
-0.0927329 -0.0927329
-0.559602 -0.559602
0.360494 0.360494
0.240068 0.240068
0.494973 0.494973
-0.380141 -0.380141
-0.385908 -0.385908
0.0814364 0.0814364
-0.798394 -0.798394
-0.781125 -0.781125
-0.436126 -0.436126
-0.223046 -0.223046
-0.0508498 -0.0508498
-0.605157 -0.605157
-0.159794 -0.159794
0.288577 0.288577
0.698394 0.698394
-0.16829 -0.16829
0.368948 0.368948
-0.187097 -0.187097
-0.607751 -0.607751
0.800733 0.800733
-0.435277 -0.435277
0.0504231 0.0504231
-0.752019 -0.752019
-0.343981 -0.343981
0.159386 0.159386
-0.435581 -0.435581
-0.384775 -0.384775
0.797917 0.797917
-0.3741 -0.3741
-0.765548 -0.765548
0.475658 0.475658
-0.725622 -0.725622
0.489767 0.489767
-0.0215757 -0.0215757
0.564397 0.564397
-0.436126 -0.436126
0.499631 0.499631
0.0715509 0.0715509
-0.310642 -0.310642
-0.0927329 -0.0927329
-0.559602 -0.559602
0.360494 0.360494
0.186056 0.186056
0.240068 0.240068
-0.331659 -0.331659
0.494973 0.494973
-0.380141 -0.380141
-0.385908 -0.385908
0.0814364 0.0814364
0.0831663 0.0831663
-0.159794 -0.159794
0.546457 0.546457
-0.798394 -0.798394
-0.283742 -0.283742
-0.781125 -0.781125
-0.0508498 -0.0508498
-0.227046 -0.227046
0.715289 0.715289
-0.633531 -0.633531
-0.396519 -0.396519
0.747193 0.747193
0.0504231 0.0504231
0.427436 0.427436
0.310548 0.310548
-0.16829 -0.16829
-0.435277 -0.435277
0.368948 0.368948
0.159386 0.159386
-0.765548 -0.765548
0.0715509 0.0715509
0.797917 0.797917
-0.436126 -0.436126
0.59148 0.59148
-0.6464 -0.6464
0.360083 0.360083
0.658055 0.658055
-0.177703 -0.177703
0.293425 0.293425
-0.209635 -0.209635
0.0242342 0.0242342
-0.559602 -0.559602
-0.310642 -0.310642
0.483127 0.483127
0.360494 0.360494
-0.0927329 -0.0927329
0.574846 0.574846
0.33802 0.33802
0.499631 0.499631
0.240068 0.240068
0.601158 0.601158
0.400698 0.400698
-0.212859 -0.212859
0.192153 0.192153
-0.343981 -0.343981
-0.435581 -0.435581
-0.384775 -0.384775
-0.3741 -0.3741
-0.549456 -0.549456
-0.385908 -0.385908
-0.380141 -0.380141
0.475658 0.475658
-0.725622 -0.725622
-0.798394 -0.798394
0.0504231 0.0504231
-0.781125 -0.781125
0.427436 0.427436
0.310548 0.310548
0.489767 0.489767
-0.16829 -0.16829
0.494973 0.494973
-0.435277 -0.435277
-0.0215757 -0.0215757
0.0715509 0.0715509
0.564397 0.564397
0.59148 0.59148
0.368948 0.368948
-0.6464 -0.6464
0.159386 0.159386
0.360083 0.360083
-0.765548 -0.765548
0.414855 0.414855
-0.549456 -0.549456
0.797917 0.797917
-0.331659 -0.331659
0.658055 0.658055
0.0831663 0.0831663
-0.177703 -0.177703
-0.436126 -0.436126
0.293425 0.293425
0.091941 0.091941
0.670959 0.670959
-0.342294 -0.342294
-0.209635 -0.209635
0.0242342 0.0242342
-0.419086 -0.419086
-0.453005 -0.453005
-0.188665 -0.188665
-0.227046 -0.227046
0.610579 0.610579
0.715289 0.715289
-0.729216 -0.729216
0.754535 0.754535
0.33802 0.33802
0.747193 0.747193
0.0563446 0.0563446
-0.0945043 -0.0945043
0.47011 0.47011
0.499631 0.499631
0.601158 0.601158
-0.310642 -0.310642
-0.0927329 -0.0927329
-0.559602 -0.559602
0.483127 0.483127
-0.435277 -0.435277
0.0715509 0.0715509
-0.436126 -0.436126
-0.285633 -0.285633
-0.0625406 -0.0625406
0.449909 0.449909
0.360494 0.360494
0.574846 0.574846
0.698394 0.698394
0.240068 0.240068
-0.549456 -0.549456
0.494973 0.494973
0.0504231 0.0504231
0.186056 0.186056
-0.752019 -0.752019
-0.343981 -0.343981
-0.435581 -0.435581
-0.384775 -0.384775
-0.3741 -0.3741
0.475658 0.475658
-0.725622 -0.725622
0.489767 0.489767
-0.0215757 -0.0215757
0.564397 0.564397
-0.16829 -0.16829
0.368948 0.368948
0.159386 0.159386
-0.331659 -0.331659
0.0831663 0.0831663
-0.380141 -0.380141
-0.385908 -0.385908
-0.227046 -0.227046
-0.0508498 -0.0508498
0.0814364 0.0814364
0.670959 0.670959
0.59148 0.59148
0.715289 0.715289
0.288577 0.288577
0.322996 0.322996
-0.419086 -0.419086
-0.188665 -0.188665
-0.6464 -0.6464
0.091941 0.091941
0.610579 0.610579
-0.342294 -0.342294
0.360083 0.360083
-0.453005 -0.453005
0.658055 0.658055
-0.729216 -0.729216
-0.285633 -0.285633
0.400698 0.400698
-0.177703 -0.177703
0.754535 0.754535
0.0563446 0.0563446
-0.212859 -0.212859
-0.668259 -0.668259
0.559752 0.559752
0.747193 0.747193
-0.436126 -0.436126
0.293425 0.293425
-0.209635 -0.209635
0.0242342 0.0242342
-0.435277 -0.435277
-0.0625406 -0.0625406
0.47011 0.47011
-0.159794 -0.159794
0.449909 0.449909
0.483127 0.483127
0.0715509 0.0715509
0.715289 0.715289
-0.16829 -0.16829
0.574846 0.574846
0.368948 0.368948
-0.227046 -0.227046
0.159386 0.159386
0.698394 0.698394
-0.331659 -0.331659
0.747193 0.747193
0.313675 0.313675
0.186056 0.186056
-0.343036 -0.343036
0.359753 0.359753
0.514386 0.514386
0.243482 0.243482
-0.173668 -0.173668
-0.718615 -0.718615
0.254717 0.254717
0.639985 0.639985
-0.0945043 -0.0945043
-0.759585 -0.759585
-0.343981 -0.343981
-0.435581 -0.435581
-0.346891 -0.346891
0.499631 0.499631
0.483127 0.483127
0.360083 0.360083
0.0504231 0.0504231
-0.0508498 -0.0508498
0.658055 0.658055
-0.549456 -0.549456
0.601158 0.601158
-0.334417 -0.334417
0.564397 0.564397
-0.3741 -0.3741
-0.310642 -0.310642
-0.752019 -0.752019
0.574846 0.574846
-0.177703 -0.177703
-0.0927329 -0.0927329
0.154895 0.154895
0.475658 0.475658
-0.6464 -0.6464
-0.559602 -0.559602
-0.779908 -0.779908
-0.70355 -0.70355
-0.435277 -0.435277
-0.0215757 -0.0215757
-0.384775 -0.384775
-0.725622 -0.725622
0.360494 0.360494
0.200221 0.200221
-0.425461 -0.425461
0.0715509 0.0715509
-0.654234 -0.654234
-0.396519 -0.396519
-0.349648 -0.349648
-0.474919 -0.474919
-0.722545 -0.722545
-0.187097 -0.187097
0.091941 0.091941
-0.342294 -0.342294
-0.453005 -0.453005
-0.729216 -0.729216
0.427436 0.427436
-0.285633 -0.285633
0.310548 0.310548
-0.0625406 -0.0625406
-0.419086 -0.419086
0.449909 0.449909
-0.188665 -0.188665
0.610579 0.610579
-0.159794 -0.159794
0.754535 0.754535
0.0563446 0.0563446
0.240068 0.240068
0.47011 0.47011
-0.16829 -0.16829
0.494973 0.494973
0.368948 0.368948
0.159386 0.159386
-0.380141 -0.380141
-0.765548 -0.765548
0.797917 0.797917
-0.385908 -0.385908
0.0814364 0.0814364
0.322996 0.322996
-0.769714 -0.769714
0.45657 0.45657
0.268002 0.268002
0.400698 0.400698
0.112532 0.112532
-0.127265 -0.127265
-0.212859 -0.212859
-0.08384 -0.08384
-0.668259 -0.668259
0.559752 0.559752
0.33802 0.33802
-0.209635 -0.209635
0.0242342 0.0242342
0.293425 0.293425
0.313675 0.313675
-0.343036 -0.343036
0.0504231 0.0504231
0.359753 0.359753
0.514386 0.514386
0.243482 0.243482
-0.173668 -0.173668
-0.718615 -0.718615
0.254717 0.254717
0.639985 0.639985
-0.722545 -0.722545
-0.419086 -0.419086
-0.188665 -0.188665
-0.549456 -0.549456
0.610579 0.610579
0.754535 0.754535
0.670959 0.670959
-0.532787 -0.532787
-0.435277 -0.435277
-0.571491 -0.571491
0.539668 0.539668
0.0563446 0.0563446
0.47011 0.47011
-0.0729342 -0.0729342
-0.0945043 -0.0945043
-0.133625 -0.133625
-0.451256 -0.451256
0.0715509 0.0715509
0.00928944 0.00928944
0.0487732 0.0487732
-0.665182 -0.665182
0.139066 0.139066
-0.331915 -0.331915
-0.306577 -0.306577
-0.0103374 -0.0103374
0.427436 0.427436
0.202289 0.202289
0.310548 0.310548
0.337845 0.337845
-0.16829 -0.16829
0.190794 0.190794
0.368948 0.368948
-0.396519 -0.396519
-0.32389 -0.32389
0.395706 0.395706
0.634583 0.634583
-0.223046 -0.223046
-0.605157 -0.605157
-0.187097 -0.187097
0.499631 0.499631
-0.310642 -0.310642
-0.0927329 -0.0927329
0.159386 0.159386
-0.559602 -0.559602
-0.765548 -0.765548
0.797917 0.797917
-0.549456 -0.549456
0.360494 0.360494
0.0504231 0.0504231
-0.343981 -0.343981
0.313675 0.313675
-0.342294 -0.342294
-0.343036 -0.343036
0.33802 0.33802
0.449909 0.449909
-0.285633 -0.285633
-0.435581 -0.435581
0.359753 0.359753
-0.08384 -0.08384
-0.384775 -0.384775
-0.3741 -0.3741
0.475658 0.475658
-0.725622 -0.725622
0.489767 0.489767
-0.0215757 -0.0215757
0.483127 0.483127
0.514386 0.514386
0.419432 0.419432
0.243482 0.243482
0.668994 0.668994
-0.173668 -0.173668
-0.718615 -0.718615
-0.016424 -0.016424
-0.722545 -0.722545
0.254717 0.254717
0.639985 0.639985
0.240068 0.240068
0.494973 0.494973
0.200221 0.200221
0.564397 0.564397
-0.425461 -0.425461
-0.0867307 -0.0867307
-0.380141 -0.380141
-0.385908 -0.385908
0.0814364 0.0814364
0.154895 0.154895
-0.70355 -0.70355
-0.0945043 -0.0945043
-0.331659 -0.331659
-0.396519 -0.396519
-0.133625 -0.133625
0.0831663 0.0831663
-0.654234 -0.654234
-0.668472 -0.668472
-0.349648 -0.349648
-0.0867307 -0.0867307
-0.474919 -0.474919
-0.451256 -0.451256
0.00928944 0.00928944
-0.769714 -0.769714
0.59148 0.59148
0.0487732 0.0487732
0.45657 0.45657
-0.6464 -0.6464
0.268002 0.268002
0.360083 0.360083
0.112532 0.112532
0.658055 0.658055
-0.16829 -0.16829
-0.127265 -0.127265
-0.177703 -0.177703
0.368948 0.368948
0.293425 0.293425
0.159386 0.159386
-0.209635 -0.209635
-0.187097 -0.187097
0.0242342 0.0242342
0.539668 0.539668
0.0790299 0.0790299
-0.665182 -0.665182
-0.396118 -0.396118
-0.532787 -0.532787
0.139066 0.139066
-0.571491 -0.571491
-0.331915 -0.331915
-0.306577 -0.306577
-0.0103374 -0.0103374
0.202289 0.202289
0.337845 0.337845
0.190794 0.190794
-0.32389 -0.32389
-0.346891 -0.346891
0.395706 0.395706
-0.599419 -0.599419
0.091941 0.091941
0.634583 0.634583
-0.342294 -0.342294
-0.223046 -0.223046
-0.453005 -0.453005
-0.605157 -0.605157
-0.702369 -0.702369
0.683864 0.683864
-0.729216 -0.729216
0.0301172 0.0301172
-0.285633 -0.285633
-0.0625406 -0.0625406
0.449909 0.449909
-0.172348 -0.172348
0.715289 0.715289
-0.228633 -0.228633
0.499631 0.499631
-0.310642 -0.310642
-0.16829 -0.16829
0.368948 0.368948
0.159386 0.159386
0.670959 0.670959
-0.186929 -0.186929
-0.419086 -0.419086
-0.188665 -0.188665
-0.342083 -0.342083
0.610579 0.610579
0.754535 0.754535
0.0563446 0.0563446
-0.0927329 -0.0927329
0.47011 0.47011
-0.559602 -0.559602
-0.245917 -0.245917
-0.0955303 -0.0955303
-0.0945043 -0.0945043
0.360494 0.360494
0.240068 0.240068
0.297006 0.297006
0.494973 0.494973
-0.380141 -0.380141
-0.152654 -0.152654
0.574846 0.574846
-0.385908 -0.385908
0.0814364 0.0814364
-0.779908 -0.779908
-0.451881 -0.451881
-0.0104181 -0.0104181
-0.415407 -0.415407
-0.607751 -0.607751
-0.314163 -0.314163
-0.328723 -0.328723
-0.343981 -0.343981
-0.408945 -0.408945
-0.435581 -0.435581
-0.08384 -0.08384
0.243482 0.243482
-0.384775 -0.384775
-0.3741 -0.3741
0.475658 0.475658
0.483127 0.483127
0.419432 0.419432
0.668994 0.668994
-0.016424 -0.016424
-0.396519 -0.396519
0.359753 0.359753
0.514386 0.514386
-0.343036 -0.343036
0.597168 0.597168
0.162547 0.162547
0.154895 0.154895
0.27315 0.27315
-0.70355 -0.70355
-0.344507 -0.344507
-0.725622 -0.725622
0.489767 0.489767
-0.0215757 -0.0215757
0.200221 0.200221
-0.654234 -0.654234
0.564397 0.564397
-0.349648 -0.349648
-0.425461 -0.425461
-0.474919 -0.474919
-0.331659 -0.331659
-0.769714 -0.769714
0.0831663 0.0831663
0.45657 0.45657
0.268002 0.268002
0.59148 0.59148
0.112532 0.112532
-0.6464 -0.6464
-0.127265 -0.127265
0.360083 0.360083
0.658055 0.658055
-0.177703 -0.177703
0.293425 0.293425
-0.209635 -0.209635
0.0242342 0.0242342
0.0790299 0.0790299
-0.133625 -0.133625
-0.549456 -0.549456
-0.451256 -0.451256
0.00928944 0.00928944
0.0487732 0.0487732
-0.665182 -0.665182
0.139066 0.139066
-0.331915 -0.331915
-0.306577 -0.306577
-0.0103374 -0.0103374
-0.346891 -0.346891
0.202289 0.202289
0.337845 0.337845
-0.599419 -0.599419
0.190794 0.190794
0.499631 0.499631
0.601158 0.601158
-0.32389 -0.32389
0.574846 0.574846
0.715289 0.715289
0.664801 0.664801
0.395706 0.395706
0.634583 0.634583
0.313675 0.313675
-0.779908 -0.779908
-0.228633 -0.228633
-0.310642 -0.310642
-0.698825 -0.698825
-0.451881 -0.451881
-0.223046 -0.223046
-0.0927329 -0.0927329
0.162547 0.162547
-0.0104181 -0.0104181
-0.605157 -0.605157
0.091941 0.091941
-0.342294 -0.342294
-0.415407 -0.415407
-0.453005 -0.453005
-0.702369 -0.702369
0.683864 0.683864
-0.729216 -0.729216
-0.285633 -0.285633
-0.172348 -0.172348
-0.0625406 -0.0625406
-0.668472 -0.668472
0.449909 0.449909
0.539668 0.539668
-0.396118 -0.396118
-0.532787 -0.532787
-0.571491 -0.571491
0.670959 0.670959
-0.419086 -0.419086
-0.188665 -0.188665
-0.342083 -0.342083
0.610579 0.610579
0.754535 0.754535
0.0563446 0.0563446
0.47011 0.47011
-0.559602 -0.559602
-0.186929 -0.186929
-0.245917 -0.245917
-0.0955303 -0.0955303
-0.0945043 -0.0945043
0.360494 0.360494
-0.343036 -0.343036
0.240068 0.240068
0.494973 0.494973
0.359753 0.359753
0.514386 0.514386
0.597168 0.597168
-0.70355 -0.70355
-0.349648 -0.349648
-0.654234 -0.654234
0.243482 0.243482
-0.380141 -0.380141
-0.173668 -0.173668
-0.385908 -0.385908
0.664023 0.664023
0.0814364 0.0814364
-0.718615 -0.718615
-0.645083 -0.645083
-0.152654 -0.152654
0.322996 0.322996
0.254717 0.254717
0.708482 0.708482
0.639985 0.639985
0.112532 0.112532
-0.127265 -0.127265
-0.645839 -0.645839
-0.633531 -0.633531
0.400698 0.400698
-0.212859 -0.212859
-0.668259 -0.668259
0.559752 0.559752
-0.396519 -0.396519
-0.343981 -0.343981
-0.435581 -0.435581
-0.384775 -0.384775
0.483127 0.483127
-0.3741 -0.3741
-0.187097 -0.187097
0.475658 0.475658
-0.607751 -0.607751
-0.725622 -0.725622
0.800733 0.800733
0.489767 0.489767
-0.0215757 -0.0215757
0.564397 0.564397
-0.331659 -0.331659
-0.314163 -0.314163
0.0831663 0.0831663
-0.408945 -0.408945
0.59148 0.59148
-0.6464 -0.6464
0.360083 0.360083
0.658055 0.658055
-0.177703 -0.177703
0.293425 0.293425
-0.209635 -0.209635
0.0242342 0.0242342
0.27315 0.27315
0.574846 0.574846
0.154895 0.154895
0.715289 0.715289
0.604939 0.604939
-0.549456 -0.549456
0.499631 0.499631
0.601158 0.601158
-0.310642 -0.310642
-0.0927329 -0.0927329
-0.559602 -0.559602
-0.70355 -0.70355
0.360494 0.360494
-0.654234 -0.654234
-0.349648 -0.349648
0.240068 0.240068
-0.474919 -0.474919
0.494973 0.494973
-0.645083 -0.645083
-0.380141 -0.380141
0.664023 0.664023
-0.385908 -0.385908
-0.7597 -0.7597
0.0814364 0.0814364
-0.769714 -0.769714
0.322996 0.322996
0.372657 0.372657
-0.645839 -0.645839
0.45657 0.45657
0.268002 0.268002
0.483127 0.483127
0.584575 0.584575
0.693808 0.693808
0.00468955 0.00468955
0.112532 0.112532
-0.127265 -0.127265
0.533695 0.533695
0.400698 0.400698
-0.212859 -0.212859
-0.668259 -0.668259
0.559752 0.559752
0.670959 0.670959
-0.419086 -0.419086
-0.188665 -0.188665
0.610579 0.610579
0.754535 0.754535
0.0563446 0.0563446
0.47011 0.47011
0.59148 0.59148
-0.6464 -0.6464
0.360083 0.360083
0.658055 0.658055
-0.177703 -0.177703
0.293425 0.293425
-0.209635 -0.209635
0.0242342 0.0242342
0.574846 0.574846
0.190794 0.190794
0.395706 0.395706
-0.32389 -0.32389
-0.722545 -0.722545
0.664801 0.664801
0.313675 0.313675
-0.0103374 -0.0103374
-0.698825 -0.698825
0.337845 0.337845
0.162547 0.162547
0.634583 0.634583
-0.343036 -0.343036
0.414855 0.414855
0.202289 0.202289
0.359753 0.359753
-0.306577 -0.306577
0.514386 0.514386
0.00928944 0.00928944
-0.549456 -0.549456
0.425011 0.425011
0.0487732 0.0487732
0.597168 0.597168
0.708482 0.708482
-0.665182 -0.665182
-0.331915 -0.331915
0.243482 0.243482
-0.466011 -0.466011
-0.173668 -0.173668
0.670959 0.670959
-0.718615 -0.718615
-0.419086 -0.419086
0.254717 0.254717
-0.188665 -0.188665
0.639985 0.639985
0.610579 0.610579
0.754535 0.754535
0.0563446 0.0563446
0.59148 0.59148
0.139066 0.139066
0.47011 0.47011
-0.6464 -0.6464
0.39738 0.39738
0.360083 0.360083
-0.605157 -0.605157
0.658055 0.658055
-0.223046 -0.223046
-0.177703 -0.177703
0.668038 0.668038
0.293425 0.293425
-0.633531 -0.633531
-0.209635 -0.209635
0.0242342 0.0242342
0.338862 0.338862
0.0790299 0.0790299
-0.343981 -0.343981
-0.435581 -0.435581
-0.384775 -0.384775
-0.3741 -0.3741
0.475658 0.475658
-0.725622 -0.725622
0.489767 0.489767
-0.0215757 -0.0215757
0.483127 0.483127
0.564397 0.564397
0.419432 0.419432
0.668994 0.668994
-0.016424 -0.016424
0.499631 0.499631
0.091941 0.091941
-0.310642 -0.310642
-0.342294 -0.342294
-0.453005 -0.453005
-0.0927329 -0.0927329
-0.729216 -0.729216
-0.559602 -0.559602
-0.285633 -0.285633
-0.0625406 -0.0625406
0.449909 0.449909
-0.331659 -0.331659
0.0831663 0.0831663
-0.0945043 -0.0945043
0.574846 0.574846
-0.779908 -0.779908
-0.451881 -0.451881
-0.0104181 -0.0104181
-0.415407 -0.415407
-0.396519 -0.396519
0.360494 0.360494
-0.187097 -0.187097
0.240068 0.240068
0.494973 0.494973
-0.607751 -0.607751
0.715289 0.715289
0.800733 0.800733
-0.549456 -0.549456
-0.380141 -0.380141
-0.385908 -0.385908
0.0814364 0.0814364
-0.722545 -0.722545
0.091941 0.091941
-0.342294 -0.342294
-0.453005 -0.453005
-0.668472 -0.668472
-0.729216 -0.729216
-0.285633 -0.285633
0.539668 0.539668
-0.0625406 -0.0625406
-0.396118 -0.396118
0.449909 0.449909
-0.532787 -0.532787
0.154895 0.154895
-0.571491 -0.571491
0.604939 0.604939
0.670959 0.670959
-0.70355 -0.70355
-0.419086 -0.419086
-0.188665 -0.188665
-0.654234 -0.654234
-0.342083 -0.342083
-0.349648 -0.349648
0.610579 0.610579
0.754535 0.754535
0.0563446 0.0563446
0.47011 0.47011
0.499631 0.499631
0.683864 0.683864
-0.310642 -0.310642
0.0301172 0.0301172
-0.343981 -0.343981
-0.0927329 -0.0927329
-0.435581 -0.435581
-0.559602 -0.559602
-0.08384 -0.08384
-0.172348 -0.172348
-0.384775 -0.384775
0.360494 0.360494
0.240068 0.240068
0.494973 0.494973
-0.3741 -0.3741
0.475658 0.475658
-0.380141 -0.380141
-0.474919 -0.474919
-0.385908 -0.385908
0.0814364 0.0814364
-0.133625 -0.133625
-0.725622 -0.725622
-0.645083 -0.645083
0.489767 0.489767
0.664023 0.664023
-0.0215757 -0.0215757
-0.7597 -0.7597
0.200221 0.200221
-0.769714 -0.769714
0.564397 0.564397
0.372657 0.372657
-0.425461 -0.425461
-0.645839 -0.645839
0.45657 0.45657
-0.451256 -0.451256
0.0468393 0.0468393
0.0395277 0.0395277
0.00928944 0.00928944
0.0487732 0.0487732
0.139066 0.139066
-0.331915 -0.331915
0.39738 0.39738
0.59148 0.59148
-0.0945043 -0.0945043
-0.6464 -0.6464
0.360083 0.360083
0.313675 0.313675
-0.306577 -0.306577
-0.0103374 -0.0103374
-0.343036 -0.343036
0.202289 0.202289
0.337845 0.337845
0.190794 0.190794
0.359753 0.359753
0.514386 0.514386
-0.0366535 -0.0366535
0.243482 0.243482
-0.32389 -0.32389
-0.173668 -0.173668
0.658055 0.658055
-0.718615 -0.718615
0.395706 0.395706
-0.177703 -0.177703
0.254717 0.254717
0.634583 0.634583
0.639985 0.639985
0.293425 0.293425
0.338862 0.338862
-0.209635 -0.209635
0.668038 0.668038
0.0242342 0.0242342
-0.223046 -0.223046
0.0790299 0.0790299
-0.605157 -0.605157
-0.331659 -0.331659
0.268002 0.268002
0.584575 0.584575
0.0831663 0.0831663
0.693808 0.693808
0.00468955 0.00468955
0.112532 0.112532
-0.127265 -0.127265
0.533695 0.533695
-0.152654 -0.152654
-0.396519 -0.396519
0.574846 0.574846
-0.549456 -0.549456
-0.668472 -0.668472
-0.346891 -0.346891
-0.187097 -0.187097
0.539668 0.539668
-0.599419 -0.599419
0.425011 0.425011
-0.396118 -0.396118
0.483127 0.483127
0.546457 0.546457
0.091941 0.091941
0.708482 0.708482
0.419432 0.419432
-0.779908 -0.779908
0.715289 0.715289
-0.283742 -0.283742
-0.532787 -0.532787
-0.466011 -0.466011
-0.342294 -0.342294
-0.228633 -0.228633
-0.451881 -0.451881
0.668994 0.668994
-0.016424 -0.016424
-0.571491 -0.571491
-0.453005 -0.453005
-0.0104181 -0.0104181
-0.702369 -0.702369
-0.415407 -0.415407
0.670959 0.670959
-0.729216 -0.729216
-0.419086 -0.419086
-0.285633 -0.285633
-0.188665 -0.188665
-0.0625406 -0.0625406
0.449909 0.449909
-0.342083 -0.342083
0.610579 0.610579
0.297006 0.297006
0.754535 0.754535
-0.633531 -0.633531
0.0563446 0.0563446
0.47011 0.47011
0.313675 0.313675
-0.186929 -0.186929
-0.343036 -0.343036
-0.245917 -0.245917
0.414855 0.414855
-0.0955303 -0.0955303
-0.0945043 -0.0945043
0.359753 0.359753
0.514386 0.514386
0.243482 0.243482
-0.314163 -0.314163
-0.173668 -0.173668
-0.328723 -0.328723
-0.718615 -0.718615
-0.408945 -0.408945
0.254717 0.254717
0.683864 0.683864
0.639985 0.639985
-0.343981 -0.343981
-0.435581 -0.435581
-0.08384 -0.08384
-0.384775 -0.384775
-0.3741 -0.3741
-0.172348 -0.172348
0.475658 0.475658
-0.725622 -0.725622
0.489767 0.489767
-0.0215757 -0.0215757
0.200221 0.200221
0.564397 0.564397
-0.425461 -0.425461
-0.331659 -0.331659
0.27315 0.27315
0.0831663 0.0831663
-0.549456 -0.549456
-0.344507 -0.344507
-0.722545 -0.722545
0.154895 0.154895
-0.70355 -0.70355
-0.654234 -0.654234
-0.349648 -0.349648
-0.474919 -0.474919
-0.152654 -0.152654
-0.769714 -0.769714
0.45657 0.45657
0.268002 0.268002
-0.133625 -0.133625
0.112532 0.112532
-0.451256 -0.451256
-0.127265 -0.127265
0.59148 0.59148
0.0468393 0.0468393
-0.6464 -0.6464
0.0395277 0.0395277
0.360083 0.360083
0.00928944 0.00928944
0.658055 0.658055
0.0487732 0.0487732
0.139066 0.139066
-0.177703 -0.177703
-0.331915 -0.331915
0.293425 0.293425
0.39738 0.39738
-0.209635 -0.209635
-0.306577 -0.306577
-0.0103374 -0.0103374
0.0242342 0.0242342
0.202289 0.202289
0.337845 0.337845
0.190794 0.190794
-0.0366535 -0.0366535
-0.32389 -0.32389
0.395706 0.395706
0.634583 0.634583
0.338862 0.338862
0.668038 0.668038
-0.223046 -0.223046
-0.605157 -0.605157
-0.396519 -0.396519
0.670959 0.670959
0.574846 0.574846
-0.419086 -0.419086
-0.188665 -0.188665
-0.187097 -0.187097
0.610579 0.610579
0.754535 0.754535
-0.386135 -0.386135
-0.346891 -0.346891
-0.599419 -0.599419
0.0563446 0.0563446
0.715289 0.715289
-0.228633 -0.228633
0.47011 0.47011
0.483127 0.483127
0.091941 0.091941
-0.342294 -0.342294
-0.453005 -0.453005
-0.702369 -0.702369
-0.729216 -0.729216
-0.285633 -0.285633
-0.0625406 -0.0625406
0.449909 0.449909
0.59148 0.59148
-0.6464 -0.6464
0.360083 0.360083
0.658055 0.658055
-0.177703 -0.177703
0.293425 0.293425
0.546457 0.546457
-0.209635 -0.209635
-0.283742 -0.283742
0.0242342 0.0242342
0.664801 0.664801
0.313675 0.313675
-0.698825 -0.698825
0.154895 0.154895
-0.70355 -0.70355
0.574846 0.574846
0.162547 0.162547
-0.343036 -0.343036
-0.654234 -0.654234
-0.349648 -0.349648
0.414855 0.414855
-0.474919 -0.474919
-0.343981 -0.343981
-0.435581 -0.435581
-0.384775 -0.384775
-0.3741 -0.3741
0.359753 0.359753
0.475658 0.475658
-0.725622 -0.725622
0.514386 0.514386
-0.549456 -0.549456
0.597168 0.597168
0.489767 0.489767
-0.0215757 -0.0215757
0.564397 0.564397
0.243482 0.243482
-0.331659 -0.331659
-0.173668 -0.173668
0.0831663 0.0831663
-0.718615 -0.718615
0.254717 0.254717
0.639985 0.639985
-0.314163 -0.314163
0.715289 0.715289
-0.408945 -0.408945
-0.186929 -0.186929
-0.245917 -0.245917
-0.0955303 -0.0955303
-0.0945043 -0.0945043
0.670959 0.670959
-0.419086 -0.419086
-0.769714 -0.769714
0.27315 0.27315
-0.188665 -0.188665
0.610579 0.610579
0.754535 0.754535
0.0563446 0.0563446
0.47011 0.47011
0.45657 0.45657
0.268002 0.268002
0.112532 0.112532
-0.127265 -0.127265
-0.396519 -0.396519
-0.187097 -0.187097
-0.607751 -0.607751
0.800733 0.800733
-0.722545 -0.722545
-0.343981 -0.343981
0.483127 0.483127
-0.435581 -0.435581
-0.384775 -0.384775
-0.3741 -0.3741
0.475658 0.475658
-0.725622 -0.725622
0.489767 0.489767
-0.0215757 -0.0215757
0.564397 0.564397
-0.331659 -0.331659
0.664801 0.664801
0.0831663 0.0831663
0.313675 0.313675
-0.698825 -0.698825
0.162547 0.162547
-0.343036 -0.343036
0.359753 0.359753
0.091941 0.091941
-0.342294 -0.342294
-0.453005 -0.453005
0.514386 0.514386
-0.729216 -0.729216
0.597168 0.597168
0.243482 0.243482
-0.173668 -0.173668
-0.285633 -0.285633
-0.0625406 -0.0625406
-0.718615 -0.718615
0.449909 0.449909
0.254717 0.254717
0.639985 0.639985
0.715289 0.715289
0.154895 0.154895
0.604939 0.604939
-0.133625 -0.133625
-0.70355 -0.70355
-0.0945043 -0.0945043
-0.451256 -0.451256
0.00928944 0.00928944
0.0487732 0.0487732
-0.654234 -0.654234
0.139066 0.139066
-0.349648 -0.349648
-0.396519 -0.396519
-0.331915 -0.331915
-0.474919 -0.474919
-0.306577 -0.306577
-0.0103374 -0.0103374
0.202289 0.202289
0.337845 0.337845
0.0244374 0.0244374
0.190794 0.190794
-0.32389 -0.32389
0.395706 0.395706
0.634583 0.634583
-0.223046 -0.223046
-0.605157 -0.605157
-0.645083 -0.645083
0.664023 0.664023
-0.7597 -0.7597
-0.769714 -0.769714
0.372657 0.372657
-0.645839 -0.645839
0.45657 0.45657
0.268002 0.268002
0.584575 0.584575
0.693808 0.693808
0.00468955 0.00468955
0.112532 0.112532
0.091941 0.091941
-0.127265 -0.127265
-0.342294 -0.342294
-0.453005 -0.453005
0.533695 0.533695
-0.729216 -0.729216
-0.285633 -0.285633
-0.0625406 -0.0625406
0.449909 0.449909
-0.187097 -0.187097
-0.607751 -0.607751
0.800733 0.800733
0.425011 0.425011
0.708482 0.708482
-0.466011 -0.466011
-0.633531 -0.633531
0.313675 0.313675
-0.343036 -0.343036
0.359753 0.359753
-0.0945043 -0.0945043
0.514386 0.514386
0.243482 0.243482
-0.173668 -0.173668
-0.722545 -0.722545
-0.718615 -0.718615
0.254717 0.254717
0.639985 0.639985
-0.419165 -0.419165
-0.133625 -0.133625
-0.451256 -0.451256
-0.396519 -0.396519
0.00928944 0.00928944
0.0487732 0.0487732
0.139066 0.139066
-0.187097 -0.187097
-0.331915 -0.331915
-0.306577 -0.306577
-0.0103374 -0.0103374
0.202289 0.202289
0.337845 0.337845
0.190794 0.190794
-0.32389 -0.32389
0.395706 0.395706
0.634583 0.634583
-0.223046 -0.223046
-0.605157 -0.605157
0.154895 0.154895
0.604939 0.604939
-0.70355 -0.70355
-0.654234 -0.654234
-0.349648 -0.349648
-0.474919 -0.474919
-0.645083 -0.645083
0.664023 0.664023
-0.7597 -0.7597
-0.769714 -0.769714
0.372657 0.372657
-0.645839 -0.645839
0.45657 0.45657
0.268002 0.268002
0.584575 0.584575
0.693808 0.693808
0.00468955 0.00468955
0.112532 0.112532
-0.127265 -0.127265
0.533695 0.533695
-0.330975 -0.330975
0.425011 0.425011
0.708482 0.708482
-0.466011 -0.466011
-0.633531 -0.633531
-0.663725 -0.663725
0.313675 0.313675
-0.343036 -0.343036
0.359753 0.359753
0.514386 0.514386
0.243482 0.243482
-0.173668 -0.173668
-0.718615 -0.718615
0.254717 0.254717
0.639985 0.639985
-0.722545 -0.722545
-0.396519 -0.396519
-0.187097 -0.187097
-0.133625 -0.133625
-0.451256 -0.451256
0.0468393 0.0468393
0.0395277 0.0395277
0.00928944 0.00928944
0.0487732 0.0487732
0.139066 0.139066
-0.331915 -0.331915
0.39738 0.39738
-0.306577 -0.306577
-0.0103374 -0.0103374
0.202289 0.202289
0.337845 0.337845
0.190794 0.190794
-0.0366535 -0.0366535
-0.32389 -0.32389
0.395706 0.395706
0.634583 0.634583
0.338862 0.338862
0.668038 0.668038
-0.223046 -0.223046
-0.605157 -0.605157
0.154895 0.154895
-0.70355 -0.70355
-0.654234 -0.654234
-0.349648 -0.349648
-0.474919 -0.474919
-0.769714 -0.769714
0.45657 0.45657
0.546457 0.546457
0.268002 0.268002
-0.283742 -0.283742
0.112532 0.112532
-0.127265 -0.127265
0.414855 0.414855
0.154895 0.154895
-0.70355 -0.70355
-0.654234 -0.654234
-0.349648 -0.349648
-0.474919 -0.474919
-0.769714 -0.769714
0.45657 0.45657
0.268002 0.268002
0.112532 0.112532
-0.127265 -0.127265
-0.722545 -0.722545
-0.133625 -0.133625
-0.451256 -0.451256
0.0468393 0.0468393
0.0395277 0.0395277
0.00928944 0.00928944
0.0487732 0.0487732
0.139066 0.139066
-0.331915 -0.331915
0.39738 0.39738
-0.306577 -0.306577
-0.0103374 -0.0103374
0.202289 0.202289
0.337845 0.337845
0.190794 0.190794
-0.0366535 -0.0366535
-0.32389 -0.32389
0.395706 0.395706
0.634583 0.634583
0.338862 0.338862
0.668038 0.668038
-0.223046 -0.223046
-0.605157 -0.605157
0.546457 0.546457
-0.283742 -0.283742
0.414855 0.414855
-0.722545 -0.722545
-0.133625 -0.133625
-0.451256 -0.451256
0.00928944 0.00928944
0.0487732 0.0487732
0.139066 0.139066
-0.331915 -0.331915
-0.306577 -0.306577
-0.0103374 -0.0103374
0.202289 0.202289
0.337845 0.337845
0.190794 0.190794
-0.32389 -0.32389
0.395706 0.395706
0.634583 0.634583
-0.223046 -0.223046
-0.605157 -0.605157
-0.722545 -0.722545
-0.133625 -0.133625
-0.451256 -0.451256
0.00928944 0.00928944
0.0487732 0.0487732
0.139066 0.139066
-0.331915 -0.331915
-0.306577 -0.306577
-0.0103374 -0.0103374
0.202289 0.202289
0.337845 0.337845
0.190794 0.190794
-0.32389 -0.32389
0.395706 0.395706
0.634583 0.634583
-0.223046 -0.223046
-0.605157 -0.605157
-0.60511 -0.60511
0.431338 0.431338
0.386847 0.386847
0.445288 0.445288
0.617408 0.617408
-0.334327 -0.334327
0.56198 0.56198
-0.160135 -0.160135
-0.0696143 -0.0696143
0.0503897 0.0503897
0.431338 0.431338
0.386847 0.386847
-0.160135 -0.160135
0.445288 0.445288
0.617408 0.617408
-0.334327 -0.334327
-0.0696143 -0.0696143
0.0503897 0.0503897
0.56198 0.56198
-0.160135 -0.160135
0.431338 0.431338
0.386847 0.386847
0.445288 0.445288
0.617408 0.617408
-0.334327 -0.334327
0.56198 0.56198
-0.0696143 -0.0696143
0.0503897 0.0503897
0.431338 0.431338
0.386847 0.386847
0.445288 0.445288
0.617408 0.617408
-0.334327 -0.334327
0.56198 0.56198
-0.160135 -0.160135
-0.0696143 -0.0696143
0.0503897 0.0503897
0.386847 0.386847
0.617408 0.617408
-0.334327 -0.334327
0.386847 0.386847
0.617408 0.617408
-0.334327 -0.334327
0.386847 0.386847
0.617408 0.617408
-0.160135 -0.160135
-0.160135 -0.160135
0.431338 0.431338
0.445288 0.445288
0.617408 0.617408
-0.334327 -0.334327
0.56198 0.56198
0.431338 0.431338
0.445288 0.445288
0.617408 0.617408
-0.334327 -0.334327
0.56198 0.56198
-0.160135 -0.160135
0.0503897 0.0503897
0.617408 0.617408
-0.160135 -0.160135
-0.334327 -0.334327
0.0503897 0.0503897
-0.160135 -0.160135
0.617408 0.617408
-0.334327 -0.334327
0.431338 0.431338
0.445288 0.445288
0.617408 0.617408
-0.334327 -0.334327
0.56198 0.56198
-0.160135 -0.160135
0.431338 0.431338
0.445288 0.445288
0.617408 0.617408
-0.334327 -0.334327
0.56198 0.56198
-0.160135 -0.160135
0.617408 0.617408
-0.334327 -0.334327
0.0503897 0.0503897
0.617408 0.617408
-0.334327 -0.334327
-0.160135 -0.160135
0.0503897 0.0503897
-0.160135 -0.160135
-0.160135 -0.160135
-0.600744 -0.600744
0.418815 0.418815
-0.0812184 -0.0812184
-0.108955 -0.108955
0.313776 0.313776
-0.675366 -0.675366
0.387449 0.387449
-0.135352 -0.135352
-0.378072 -0.378072
-0.162236 -0.162236
0.111144 0.111144
-0.497153 -0.497153
0.74248 0.74248
-0.464262 -0.464262
0.505997 0.505997
0.590171 0.590171
0.201329 0.201329
-0.763054 -0.763054
-0.807418 -0.807418
-0.735644 -0.735644
-0.600744 -0.600744
0.418815 0.418815
-0.0812184 -0.0812184
-0.108955 -0.108955
0.313776 0.313776
-0.675366 -0.675366
-0.135352 -0.135352
-0.378072 -0.378072
-0.162236 -0.162236
0.111144 0.111144
-0.497153 -0.497153
0.74248 0.74248
-0.464262 -0.464262
0.505997 0.505997
0.590171 0.590171
0.201329 0.201329
-0.807418 -0.807418
-0.735644 -0.735644
-0.600744 -0.600744
0.418815 0.418815
-0.0812184 -0.0812184
-0.108955 -0.108955
0.313776 0.313776
-0.675366 -0.675366
-0.135352 -0.135352
-0.378072 -0.378072
-0.162236 -0.162236
0.111144 0.111144
-0.497153 -0.497153
0.74248 0.74248
-0.464262 -0.464262
0.505997 0.505997
0.590171 0.590171
0.201329 0.201329
-0.763054 -0.763054
-0.807418 -0.807418
-0.735644 -0.735644
-0.600744 -0.600744
0.418815 0.418815
-0.0812184 -0.0812184
-0.108955 -0.108955
0.313776 0.313776
-0.675366 -0.675366
-0.135352 -0.135352
-0.378072 -0.378072
-0.162236 -0.162236
0.111144 0.111144
-0.497153 -0.497153
0.74248 0.74248
-0.464262 -0.464262
0.505997 0.505997
0.590171 0.590171
0.201329 0.201329
-0.807418 -0.807418
-0.735644 -0.735644
-0.600744 -0.600744
-0.108955 -0.108955
0.313776 0.313776
-0.807418 -0.807418
-0.735644 -0.735644
-0.600744 -0.600744
-0.108955 -0.108955
0.313776 0.313776
-0.807418 -0.807418
-0.735644 -0.735644
-0.600744 -0.600744
-0.108955 -0.108955
0.313776 0.313776
-0.600744 -0.600744
0.418815 0.418815
-0.0812184 -0.0812184
-0.108955 -0.108955
0.313776 0.313776
-0.675366 -0.675366
-0.135352 -0.135352
-0.378072 -0.378072
-0.162236 -0.162236
0.111144 0.111144
-0.497153 -0.497153
0.74248 0.74248
-0.464262 -0.464262
0.505997 0.505997
0.590171 0.590171
0.201329 0.201329
-0.763054 -0.763054
-0.807418 -0.807418
-0.735644 -0.735644
-0.600744 -0.600744
0.418815 0.418815
-0.0812184 -0.0812184
-0.108955 -0.108955
0.313776 0.313776
-0.675366 -0.675366
-0.135352 -0.135352
-0.378072 -0.378072
-0.162236 -0.162236
0.111144 0.111144
-0.497153 -0.497153
0.74248 0.74248
-0.464262 -0.464262
0.505997 0.505997
0.590171 0.590171
0.201329 0.201329
-0.807418 -0.807418
-0.735644 -0.735644
-0.600744 -0.600744
-0.108955 -0.108955
0.313776 0.313776
-0.807418 -0.807418
-0.735644 -0.735644
-0.600744 -0.600744
-0.108955 -0.108955
0.313776 0.313776
-0.807418 -0.807418
-0.735644 -0.735644
-0.600744 -0.600744
0.418815 0.418815
-0.0812184 -0.0812184
-0.108955 -0.108955
0.313776 0.313776
-0.675366 -0.675366
-0.135352 -0.135352
-0.378072 -0.378072
-0.162236 -0.162236
0.111144 0.111144
-0.497153 -0.497153
0.74248 0.74248
-0.464262 -0.464262
0.505997 0.505997
0.590171 0.590171
0.201329 0.201329
-0.763054 -0.763054
-0.807418 -0.807418
-0.735644 -0.735644
-0.600744 -0.600744
0.418815 0.418815
-0.0812184 -0.0812184
-0.108955 -0.108955
0.313776 0.313776
-0.675366 -0.675366
-0.135352 -0.135352
-0.378072 -0.378072
-0.162236 -0.162236
0.111144 0.111144
-0.497153 -0.497153
0.74248 0.74248
-0.464262 -0.464262
0.505997 0.505997
0.590171 0.590171
0.201329 0.201329
-0.807418 -0.807418
-0.735644 -0.735644
-0.600744 -0.600744
-0.108955 -0.108955
0.313776 0.313776
-0.807418 -0.807418
-0.735644 -0.735644
-0.600744 -0.600744
-0.108955 -0.108955
0.313776 0.313776
-0.807418 -0.807418
-0.735644 -0.735644
0.073679 0.073679
0.761272 0.761272
-0.662589 -0.662589
0.0510767 0.0510767
-0.245962 -0.245962
-0.194282 -0.194282
0.330924 0.330924
0.194593 0.194593
-0.525473 -0.525473
0.518029 0.518029
0.073679 0.073679
0.761272 0.761272
-0.662589 -0.662589
0.0510767 0.0510767
-0.245962 -0.245962
-0.194282 -0.194282
0.330924 0.330924
0.194593 0.194593
0.761272 0.761272
-0.662589 -0.662589
0.0510767 0.0510767
-0.245962 -0.245962
-0.194282 -0.194282
0.330924 0.330924
0.194593 0.194593
-0.525473 -0.525473
0.518029 0.518029
0.073679 0.073679
0.761272 0.761272
-0.662589 -0.662589
0.0510767 0.0510767
-0.245962 -0.245962
-0.194282 -0.194282
0.330924 0.330924
0.194593 0.194593
0.073679 0.073679
-0.662589 -0.662589
0.0510767 0.0510767
-0.245962 -0.245962
-0.194282 -0.194282
0.330924 0.330924
0.194593 0.194593
-0.662589 -0.662589
0.0510767 0.0510767
-0.245962 -0.245962
-0.194282 -0.194282
0.330924 0.330924
0.194593 0.194593
-0.662589 -0.662589
0.0510767 0.0510767
-0.245962 -0.245962
-0.194282 -0.194282
0.330924 0.330924
0.194593 0.194593
0.330924 0.330924
-0.245962 -0.245962
-0.662589 -0.662589
-0.194282 -0.194282
0.073679 0.073679
0.761272 0.761272
-0.662589 -0.662589
0.0510767 0.0510767
-0.245962 -0.245962
-0.194282 -0.194282
0.330924 0.330924
0.194593 0.194593
-0.525473 -0.525473
0.518029 0.518029
0.073679 0.073679
0.761272 0.761272
-0.662589 -0.662589
0.0510767 0.0510767
-0.245962 -0.245962
-0.194282 -0.194282
0.330924 0.330924
0.194593 0.194593
-0.662589 -0.662589
0.0510767 0.0510767
-0.245962 -0.245962
-0.194282 -0.194282
0.330924 0.330924
0.194593 0.194593
-0.662589 -0.662589
0.0510767 0.0510767
-0.245962 -0.245962
-0.194282 -0.194282
0.330924 0.330924
0.194593 0.194593
0.073679 0.073679
0.761272 0.761272
-0.662589 -0.662589
0.0510767 0.0510767
-0.245962 -0.245962
-0.194282 -0.194282
0.330924 0.330924
0.194593 0.194593
-0.525473 -0.525473
0.518029 0.518029
0.073679 0.073679
0.761272 0.761272
-0.662589 -0.662589
0.0510767 0.0510767
-0.245962 -0.245962
-0.194282 -0.194282
0.330924 0.330924
0.194593 0.194593
-0.662589 -0.662589
0.0510767 0.0510767
-0.245962 -0.245962
-0.194282 -0.194282
0.330924 0.330924
0.194593 0.194593
-0.662589 -0.662589
0.0510767 0.0510767
-0.245962 -0.245962
-0.194282 -0.194282
0.330924 0.330924
0.194593 0.194593
-0.662778 -0.662778
-0.246236 -0.246236
0.499631 0.499631
0.601158 0.601158
-0.310642 -0.310642
-0.0927329 -0.0927329
-0.559602 -0.559602
0.360494 0.360494
0.240068 0.240068
0.494973 0.494973
-0.380141 -0.380141
-0.385908 -0.385908
0.0814364 0.0814364
0.322996 0.322996
-0.798394 -0.798394
-0.781125 -0.781125
0.400698 0.400698
-0.212859 -0.212859
-0.668259 -0.668259
0.559752 0.559752
0.499631 0.499631
0.601158 0.601158
-0.310642 -0.310642
-0.0927329 -0.0927329
-0.559602 -0.559602
0.360494 0.360494
0.240068 0.240068
0.494973 0.494973
-0.380141 -0.380141
-0.385908 -0.385908
0.0814364 0.0814364
0.322996 0.322996
-0.798394 -0.798394
-0.781125 -0.781125
0.400698 0.400698
-0.212859 -0.212859
-0.668259 -0.668259
0.559752 0.559752
0.499631 0.499631
0.601158 0.601158
-0.310642 -0.310642
-0.0927329 -0.0927329
-0.559602 -0.559602
0.360494 0.360494
0.240068 0.240068
0.494973 0.494973
-0.380141 -0.380141
-0.385908 -0.385908
0.0814364 0.0814364
0.322996 0.322996
0.400698 0.400698
-0.212859 -0.212859
-0.668259 -0.668259
0.559752 0.559752
-0.798394 -0.798394
-0.781125 -0.781125
0.499631 0.499631
0.601158 0.601158
-0.310642 -0.310642
-0.0927329 -0.0927329
-0.559602 -0.559602
0.360494 0.360494
0.240068 0.240068
0.494973 0.494973
-0.380141 -0.380141
-0.385908 -0.385908
0.0814364 0.0814364
0.322996 0.322996
0.400698 0.400698
-0.212859 -0.212859
-0.668259 -0.668259
0.559752 0.559752
-0.798394 -0.798394
-0.781125 -0.781125
0.499631 0.499631
-0.310642 -0.310642
-0.0927329 -0.0927329
-0.559602 -0.559602
0.360494 0.360494
0.240068 0.240068
0.494973 0.494973
-0.380141 -0.380141
-0.385908 -0.385908
0.0814364 0.0814364
-0.798394 -0.798394
-0.781125 -0.781125
0.499631 0.499631
-0.310642 -0.310642
-0.0927329 -0.0927329
-0.559602 -0.559602
0.360494 0.360494
0.240068 0.240068
0.494973 0.494973
-0.380141 -0.380141
-0.385908 -0.385908
0.0814364 0.0814364
-0.798394 -0.798394
-0.781125 -0.781125
0.499631 0.499631
-0.310642 -0.310642
-0.0927329 -0.0927329
-0.559602 -0.559602
0.360494 0.360494
0.240068 0.240068
0.494973 0.494973
-0.380141 -0.380141
-0.385908 -0.385908
0.0814364 0.0814364
-0.798394 -0.798394
-0.781125 -0.781125
-0.559602 -0.559602
-0.310642 -0.310642
0.360494 0.360494
-0.0927329 -0.0927329
0.499631 0.499631
0.240068 0.240068
0.601158 0.601158
0.400698 0.400698
-0.212859 -0.212859
-0.385908 -0.385908
-0.380141 -0.380141
-0.798394 -0.798394
-0.781125 -0.781125
0.494973 0.494973
0.499631 0.499631
0.601158 0.601158
-0.310642 -0.310642
-0.0927329 -0.0927329
-0.559602 -0.559602
0.360494 0.360494
0.240068 0.240068
0.494973 0.494973
-0.380141 -0.380141
-0.385908 -0.385908
0.0814364 0.0814364
0.322996 0.322996
0.400698 0.400698
-0.212859 -0.212859
-0.668259 -0.668259
0.559752 0.559752
0.499631 0.499631
0.601158 0.601158
-0.310642 -0.310642
-0.0927329 -0.0927329
-0.559602 -0.559602
0.360494 0.360494
0.240068 0.240068
0.494973 0.494973
-0.380141 -0.380141
-0.385908 -0.385908
0.0814364 0.0814364
0.322996 0.322996
0.400698 0.400698
-0.212859 -0.212859
-0.668259 -0.668259
0.559752 0.559752
0.499631 0.499631
-0.310642 -0.310642
-0.0927329 -0.0927329
-0.559602 -0.559602
0.360494 0.360494
0.240068 0.240068
0.494973 0.494973
-0.380141 -0.380141
-0.385908 -0.385908
0.0814364 0.0814364
0.499631 0.499631
-0.310642 -0.310642
-0.0927329 -0.0927329
-0.559602 -0.559602
0.360494 0.360494
0.240068 0.240068
0.494973 0.494973
-0.380141 -0.380141
-0.385908 -0.385908
0.0814364 0.0814364
0.499631 0.499631
0.601158 0.601158
-0.310642 -0.310642
-0.0927329 -0.0927329
-0.559602 -0.559602
0.360494 0.360494
0.240068 0.240068
0.494973 0.494973
-0.380141 -0.380141
-0.385908 -0.385908
0.0814364 0.0814364
0.322996 0.322996
0.400698 0.400698
-0.212859 -0.212859
-0.668259 -0.668259
0.559752 0.559752
0.499631 0.499631
0.601158 0.601158
-0.310642 -0.310642
-0.0927329 -0.0927329
-0.559602 -0.559602
0.360494 0.360494
0.240068 0.240068
0.494973 0.494973
-0.380141 -0.380141
-0.385908 -0.385908
0.0814364 0.0814364
0.322996 0.322996
0.400698 0.400698
-0.212859 -0.212859
-0.668259 -0.668259
0.559752 0.559752
0.499631 0.499631
-0.310642 -0.310642
-0.0927329 -0.0927329
-0.559602 -0.559602
0.360494 0.360494
0.240068 0.240068
0.494973 0.494973
-0.380141 -0.380141
-0.385908 -0.385908
0.0814364 0.0814364
0.499631 0.499631
-0.310642 -0.310642
-0.0927329 -0.0927329
-0.559602 -0.559602
0.360494 0.360494
0.240068 0.240068
0.494973 0.494973
-0.380141 -0.380141
-0.385908 -0.385908
0.0814364 0.0814364
-0.386135 -0.386135
