0		0		0		0		0		0		0		0		
0		0		0		0		0		0		0		0		
0		0		0		0		0		0		0		0		
0		0		0		0		4289		0		0		0
0		0		0		9336		20252	0		0		0			
0		0		0		0		0		0		0		0		
0		0		0		0		0		0		0 		0 
0 		0 		0 		0 		0 		0 		0 		0 



0 		0 		0 		0 		0 		0 		0 		0
0 		0 		0		0 		0 		0 		0 		0
0 		0 		0 		0 		0 		0 		0 		0
0 		0 		0 		0 		0 		0 		0 		0
0 		0 		0 		0 		8646 		8334 		0 0 0 0 0 0 0 0 0 0 0 0 0 0 0 0 0 0 0 0 0 0 0 0 0 0 0 0 0 0 0 0 0 0 0 0 0 0 0 0 0 0 0 0 0 0 0 0 0 0 0 0 0 0 0 0 0 0 0 0 0 11932 15890 0 0 0 0 0 0 0 0 0 0 0 0 0 0 0 0 0 0 0 0 0 0 0 0 0 0 0 0 0 0 0 0 0 0 0 0 0 0 0 0 0 0 0 0 0 0 0 0 0 0 0 0 0 0 0 0 0 0 0 0 0 0 0 28672 2874 0 0 0 0 0 0 0 0 0 0 0 0 0 0 0 0 0 0 0 0 0 0 0 0 0 0