0 		0 		0 		0 		0 		0	 	0 		0   	
0	 	0 		0 		0 		0 		0	 	0	 	0   
0	 	0 		0 		0 		0 		0	 	0	 	0
0	 	0 		0 		0 		0.0654 	0 		0 		0 
0 		0 		0		0.143 	0.3090	0 		0 		0 
0 		0		0		0		0 		0 		0 		0 		0 		0 		0 		0 		0 		0 		0 		0 		0 		0 		0 		0 		0		0 		0 		0 



0		0		0 		0 		0 		0 		0		0 
0		0 		0 		0 		0 		0 		0 		0 
0		0 		0 		0 		0 		0 		0 		0 
0		0 		0 		0 		0 		0 		0 		0 
0		0 		0 		0 		0.132 	0.128 	0 		0 
0		0 		0 		0 		0 		0 		0 		0 
0		0 		0 		0 		0 		0 		0 		0 
0		0 		0 		0 		0 		0 		0 		0 


0		0 		0 		0 		0 		0 		0 		0 
0		0 		0 		0 		0 		0 		0 		0 
0		0 		0 		0 		0 		0 		0 		0 
0		0 		0 		0 		0 		0 		0 		0 
0		0 		0 		0.182		0.242	     0 		0 		0 
0		0 		0 		0 		0 		0 		0 		0 
0		0 		0 		0 		0 		0 		0 		0 
0		0 		0 		0 		0 		0 		0 		0 

0		0 		0 		0 		0 		0 		0 		0 
0		0 		0 		0 		0 		0 		0 		0 
0		0 		0 		0 		0 		0 		0 		0 
0		0 		0 		0 		0 		0 		0 		0 
0		0 		0 		0 		0.436 	0.044 	0 		0 		0		0 		0 		0 		0 		0 		0 		0 
0		0 		0 		0	 	0 		0 		0 		0 
0		0 		0	 	0 		0 		0 		0 		0


