0.52043 0.52043
0.603729 0.603729
-0.494855 -0.494855
0.102204 0.102204
-0.551779 -0.551779
-0.0895805 -0.0895805
-0.718045 -0.718045
-0.565155 -0.565155
0.247061 0.247061
0.750374 0.750374
0.680219 0.680219
-0.295597 -0.295597
0.266618 0.266618
-0.123012 -0.123012
-0.545049 -0.545049
-0.168048 -0.168048
0.467627 0.467627
0.474131 0.474131
-0.613552 -0.613552
-0.204069 -0.204069
0.0681837 0.0681837
0.128857 0.128857
-0.00328483 -0.00328483
-0.562922 -0.562922
-0.498868 -0.498868
-0.60901 -0.60901
-0.280438 -0.280438
-0.102636 -0.102636
0.465461 0.465461
0.422141 0.422141
-0.584337 -0.584337
0.524169 0.524169
0.706445 0.706445
-0.214344 -0.214344
-0.174469 -0.174469
-0.215444 -0.215444
0.333856 0.333856
0.557303 0.557303
-0.805926 -0.805926
-0.220098 -0.220098
0.414251 0.414251
-0.337286 -0.337286
-0.0465493 -0.0465493
0.512787 0.512787
0.21531 0.21531
-0.132039 -0.132039
-0.552559 -0.552559
-0.137697 -0.137697
-0.406494 -0.406494
-0.223587 -0.223587
0.575105 0.575105
0.186304 0.186304
-0.582664 -0.582664
-0.274102 -0.274102
0.0547037 0.0547037
0.0278824 0.0278824
0.460393 0.460393
0.193962 0.193962
0.31119 0.31119
-0.143245 -0.143245
0.722954 0.722954
-0.79061 -0.79061
-0.717271 -0.717271
0.0313228 0.0313228
0.157928 0.157928
0.15063 0.15063
-0.210102 -0.210102
0.15082 0.15082
-0.161918 -0.161918
-0.178174 -0.178174
-0.229813 -0.229813
-0.64503 -0.64503
-0.0578265 -0.0578265
0.206575 0.206575
-0.520885 -0.520885
0.118419 0.118419
-0.141067 -0.141067
-0.194634 -0.194634
0.000502444 0.000502444
-0.171832 -0.171832
-0.551826 -0.551826
-0.0879816 -0.0879816
-0.032846 -0.032846
0.0402886 0.0402886
-0.238932 -0.238932
0.14581 0.14581
-0.0668173 -0.0668173
-0.292605 -0.292605
-0.749197 -0.749197
0.424277 0.424277
0.244449 0.244449
0.243142 0.243142
-0.421177 -0.421177
-0.561597 -0.561597
0.255559 0.255559
-0.768308 -0.768308
-0.172611 -0.172611
0.119388 0.119388
-0.0210298 -0.0210298
-0.443927 -0.443927
-0.290934 -0.290934
-0.0971702 -0.0971702
-0.425311 -0.425311
-0.719295 -0.719295
-0.442362 -0.442362
0.182112 0.182112
0.226813 0.226813
0.267319 0.267319
0.763452 0.763452
-0.674292 -0.674292
-0.123012 -0.123012
0.151562 0.151562
-0.168048 -0.168048
0.656725 0.656725
-0.204069 -0.204069
0.0120133 0.0120133
0.0681837 0.0681837
0.469804 0.469804
0.128857 0.128857
-0.597258 -0.597258
-0.00328483 -0.00328483
0.0999017 0.0999017
0.137703 0.137703
0.0253215 0.0253215
0.377046 0.377046
-0.31431 -0.31431
-0.387082 -0.387082
-0.763595 -0.763595
0.0243273 0.0243273
0.128982 0.128982
-0.0197358 -0.0197358
-0.753682 -0.753682
0.574209 0.574209
-0.337958 -0.337958
0.0951845 0.0951845
0.252934 0.252934
0.239981 0.239981
0.56782 0.56782
-0.4769 -0.4769
0.140789 0.140789
-0.562922 -0.562922
-0.157942 -0.157942
-0.293867 -0.293867
0.753305 0.753305
-0.195659 -0.195659
0.232998 0.232998
-0.123458 -0.123458
-0.421177 -0.421177
0.73119 0.73119
0.328075 0.328075
0.317932 0.317932
0.368606 0.368606
-0.154698 -0.154698
-0.681663 -0.681663
0.15593 0.15593
0.677565 0.677565
0.272502 0.272502
-0.46712 -0.46712
0.627306 0.627306
0.135685 0.135685
-0.576168 -0.576168
-0.693608 -0.693608
-0.643938 -0.643938
-0.297607 -0.297607
0.621702 0.621702
-0.337286 -0.337286
0.0243094 0.0243094
-0.0465493 -0.0465493
0.0355265 0.0355265
-0.60901 -0.60901
0.747635 0.747635
0.35598 0.35598
0.123661 0.123661
0.224396 0.224396
0.372232 0.372232
0.333856 0.333856
0.557303 0.557303
-0.805926 -0.805926
0.414251 0.414251
-0.498868 -0.498868
-0.280438 -0.280438
-0.102636 -0.102636
-0.0314527 -0.0314527
0.52043 0.52043
-0.584337 -0.584337
0.603729 0.603729
-0.0971736 -0.0971736
-0.65721 -0.65721
-0.746072 -0.746072
0.22129 0.22129
0.111938 0.111938
-0.132039 -0.132039
-0.552559 -0.552559
-0.137697 -0.137697
-0.492039 -0.492039
-0.551779 -0.551779
-0.0895805 -0.0895805
-0.718045 -0.718045
-0.565155 -0.565155
0.372887 0.372887
-0.171832 -0.171832
-0.032846 -0.032846
0.0402886 0.0402886
0.712823 0.712823
-0.613552 -0.613552
-0.238932 -0.238932
0.14581 0.14581
-0.704693 -0.704693
0.212107 0.212107
-0.0668173 -0.0668173
-0.292605 -0.292605
-0.749197 -0.749197
0.779788 0.779788
-0.35203 -0.35203
-0.43823 -0.43823
-0.552802 -0.552802
-0.530209 -0.530209
-0.274102 -0.274102
0.01239 0.01239
0.0547037 0.0547037
-0.0320522 -0.0320522
0.0207675 0.0207675
-0.79061 -0.79061
-0.717271 -0.717271
0.721523 0.721523
-0.348413 -0.348413
-0.143245 -0.143245
0.244449 0.244449
0.722954 0.722954
0.255559 0.255559
-0.376059 -0.376059
0.0313228 0.0313228
-0.280268 -0.280268
0.272023 0.272023
-0.416473 -0.416473
0.157928 0.157928
-0.460509 -0.460509
0.15063 0.15063
-0.23625 -0.23625
-0.71938 -0.71938
0.712823 0.712823
0.424277 0.424277
0.15082 0.15082
-0.210102 -0.210102
-0.178174 -0.178174
-0.161918 -0.161918
-0.41302 -0.41302
-0.686831 -0.686831
0.245451 0.245451
-0.229813 -0.229813
-0.768308 -0.768308
-0.0578265 -0.0578265
-0.172611 -0.172611
0.0546836 0.0546836
0.166067 0.166067
-0.601666 -0.601666
-0.412805 -0.412805
0.682451 0.682451
0.484397 0.484397
0.347502 0.347502
0.536287 0.536287
-0.0210298 -0.0210298
-0.360427 -0.360427
-0.0971702 -0.0971702
0.363104 0.363104
-0.555187 -0.555187
-0.425311 -0.425311
-0.160677 -0.160677
-0.123012 -0.123012
0.143631 0.143631
-0.168048 -0.168048
0.631824 0.631824
0.0648331 0.0648331
-0.204069 -0.204069
0.0999017 0.0999017
0.0681837 0.0681837
0.128857 0.128857
-0.00328483 -0.00328483
-0.64503 -0.64503
-0.438163 -0.438163
-0.562922 -0.562922
-0.779513 -0.779513
0.1895 0.1895
0.119388 0.119388
0.206575 0.206575
-0.241876 -0.241876
0.471894 0.471894
0.0783126 0.0783126
0.121017 0.121017
0.289955 0.289955
0.433061 0.433061
-0.0263073 -0.0263073
-0.800836 -0.800836
-0.443927 -0.443927
0.473525 0.473525
-0.719295 -0.719295
-0.549251 -0.549251
0.182112 0.182112
0.317949 0.317949
0.226813 0.226813
-0.194634 -0.194634
-0.41573 -0.41573
-0.117428 -0.117428
0.000502444 0.000502444
-0.113308 -0.113308
-0.190388 -0.190388
-0.805115 -0.805115
0.400598 0.400598
0.349614 0.349614
0.524169 0.524169
0.706445 0.706445
-0.337286 -0.337286
-0.214344 -0.214344
0.00559921 0.00559921
-0.494855 -0.494855
-0.498868 -0.498868
0.333856 0.333856
-0.584427 -0.584427
-0.51738 -0.51738
0.513621 0.513621
0.151562 0.151562
-0.156344 -0.156344
0.656725 0.656725
-0.280438 -0.280438
-0.102636 -0.102636
0.557303 0.557303
-0.805926 -0.805926
0.414251 0.414251
-0.374926 -0.374926
-0.800058 -0.800058
-0.551779 -0.551779
-0.0895805 -0.0895805
-0.718045 -0.718045
-0.565155 -0.565155
0.750374 0.750374
-0.215444 -0.215444
-0.492059 -0.492059
-0.584337 -0.584337
-0.285138 -0.285138
-0.737509 -0.737509
0.577875 0.577875
0.0120133 0.0120133
-0.0881418 -0.0881418
-0.171832 -0.171832
0.186304 0.186304
0.181187 0.181187
-0.0309616 -0.0309616
0.469804 0.469804
-0.697122 -0.697122
-0.79061 -0.79061
-0.717271 -0.717271
0.352785 0.352785
-0.597258 -0.597258
-0.297595 -0.297595
0.348325 0.348325
-0.032846 -0.032846
-0.583194 -0.583194
0.119028 0.119028
0.0402886 0.0402886
-0.107315 -0.107315
-0.238932 -0.238932
0.14581 0.14581
-0.0668173 -0.0668173
0.229124 0.229124
0.541549 0.541549
0.467627 0.467627
0.0669954 0.0669954
-0.60901 -0.60901
0.474131 0.474131
-0.274102 -0.274102
0.680219 0.680219
-0.143245 -0.143245
0.0547037 0.0547037
0.722954 0.722954
-0.210102 -0.210102
0.0313228 0.0313228
-0.132039 -0.132039
-0.552559 -0.552559
-0.161918 -0.161918
-0.137697 -0.137697
-0.229813 -0.229813
-0.0578265 -0.0578265
0.0805738 0.0805738
-0.0566833 -0.0566833
-0.436345 -0.436345
-0.735048 -0.735048
-0.442362 -0.442362
0.244449 0.244449
0.255559 0.255559
-0.674292 -0.674292
-0.787043 -0.787043
-0.551826 -0.551826
-0.0879816 -0.0879816
-0.0465493 -0.0465493
0.575105 0.575105
-0.421177 -0.421177
-0.561597 -0.561597
-0.582664 -0.582664
0.15082 0.15082
-0.178174 -0.178174
-0.64503 -0.64503
0.424277 0.424277
0.35598 0.35598
-0.0210298 -0.0210298
-0.0971702 -0.0971702
-0.425311 -0.425311
0.267319 0.267319
0.247061 0.247061
-0.292605 -0.292605
-0.749197 -0.749197
0.157928 0.157928
-0.141067 -0.141067
0.119388 0.119388
-0.290934 -0.290934
-0.693608 -0.693608
-0.194634 -0.194634
-0.0314527 -0.0314527
0.15063 0.15063
-0.0971736 -0.0971736
-0.643938 -0.643938
-0.443927 -0.443927
0.000502444 0.000502444
-0.65721 -0.65721
0.465461 0.465461
-0.719295 -0.719295
0.422141 0.422141
-0.746072 -0.746072
0.102204 0.102204
0.182112 0.182112
0.226813 0.226813
0.22129 0.22129
0.111938 0.111938
-0.297607 -0.297607
-0.295597 -0.295597
0.266618 0.266618
-0.174469 -0.174469
0.621702 0.621702
-0.545049 -0.545049
0.0355265 0.0355265
0.73119 0.73119
0.0243094 0.0243094
0.0546836 0.0546836
0.747635 0.747635
-0.412805 -0.412805
0.328075 0.328075
0.368606 0.368606
-0.154698 -0.154698
-0.681663 -0.681663
0.15593 0.15593
-0.768308 -0.768308
-0.172611 -0.172611
0.123661 0.123661
0.763452 0.763452
0.224396 0.224396
0.151562 0.151562
0.128982 0.128982
0.471894 0.471894
0.137703 0.137703
-0.704693 -0.704693
0.372232 0.372232
0.656725 0.656725
0.524169 0.524169
0.0120133 0.0120133
0.377046 0.377046
-0.0197358 -0.0197358
0.706445 0.706445
0.289955 0.289955
0.212107 0.212107
-0.31431 -0.31431
0.469804 0.469804
-0.4769 -0.4769
0.140789 0.140789
-0.293867 -0.293867
0.753305 0.753305
-0.195659 -0.195659
-0.753682 -0.753682
-0.597258 -0.597258
0.677565 0.677565
-0.220098 -0.220098
0.372887 0.372887
-0.46712 -0.46712
0.627306 0.627306
0.206575 0.206575
0.574209 0.574209
-0.520885 -0.520885
0.118419 0.118419
0.166067 0.166067
-0.0320522 -0.0320522
0.0278824 0.0278824
0.512787 0.512787
-0.214344 -0.214344
0.21531 0.21531
0.0951845 0.0951845
0.0207675 0.0207675
-0.601666 -0.601666
-0.492039 -0.492039
-0.584427 -0.584427
-0.406494 -0.406494
-0.223587 -0.223587
0.712823 0.712823
-0.376059 -0.376059
0.682451 0.682451
0.460393 0.460393
0.536287 0.536287
0.193962 0.193962
0.31119 0.31119
0.1895 0.1895
0.779788 0.779788
-0.360427 -0.360427
-0.492059 -0.492059
-0.35203 -0.35203
0.363104 0.363104
0.181187 0.181187
-0.555187 -0.555187
-0.43823 -0.43823
0.272023 0.272023
-0.0263073 -0.0263073
-0.800836 -0.800836
-0.41573 -0.41573
-0.552802 -0.552802
-0.530209 -0.530209
0.01239 0.01239
-0.280268 -0.280268
-0.416473 -0.416473
-0.460509 -0.460509
-0.23625 -0.23625
0.712823 0.712823
-0.215444 -0.215444
0.484397 0.484397
0.347502 0.347502
-0.160677 -0.160677
0.143631 0.143631
0.631824 0.631824
0.0648331 0.0648331
0.721523 0.721523
0.541549 0.541549
0.0669954 0.0669954
-0.438163 -0.438163
-0.285138 -0.285138
-0.737509 -0.737509
-0.779513 -0.779513
-0.156344 -0.156344
0.467627 0.467627
0.474131 0.474131
0.00559921 0.00559921
-0.374926 -0.374926
-0.800058 -0.800058
0.0253215 0.0253215
0.243142 0.243142
-0.442362 -0.442362
0.186304 0.186304
0.575105 0.575105
-0.582664 -0.582664
0.465461 0.465461
0.422141 0.422141
-0.387082 -0.387082
-0.763595 -0.763595
0.0243273 0.0243273
-0.337958 -0.337958
-0.174469 -0.174469
0.252934 0.252934
-0.674292 -0.674292
0.56782 0.56782
0.239981 0.239981
-0.141067 -0.141067
-0.157942 -0.157942
0.232998 0.232998
-0.123458 -0.123458
0.128982 0.128982
-0.421177 -0.421177
-0.0197358 -0.0197358
-0.551826 -0.551826
0.137703 0.137703
-0.753682 -0.753682
0.377046 0.377046
0.574209 0.574209
0.317932 0.317932
-0.31431 -0.31431
0.0951845 0.0951845
-0.4769 -0.4769
0.140789 0.140789
-0.293867 -0.293867
0.753305 0.753305
-0.195659 -0.195659
0.272502 0.272502
0.135685 0.135685
-0.576168 -0.576168
-0.41302 -0.41302
-0.686831 -0.686831
0.0783126 0.0783126
0.433061 0.433061
-0.549251 -0.549251
0.317949 0.317949
-0.51738 -0.51738
-0.0881418 -0.0881418
-0.0309616 -0.0309616
-0.697122 -0.697122
-0.297595 -0.297595
-0.583194 -0.583194
0.0999017 0.0999017
0.333856 0.333856
0.557303 0.557303
-0.805926 -0.805926
0.414251 0.414251
0.245451 0.245451
-0.290934 -0.290934
0.621702 0.621702
-0.171832 -0.171832
-0.0320522 -0.0320522
-0.032846 -0.032846
0.0243094 0.0243094
0.0207675 0.0207675
0.0402886 0.0402886
-0.238932 -0.238932
0.14581 0.14581
0.247061 0.247061
0.0546836 0.0546836
-0.498868 -0.498868
-0.0668173 -0.0668173
-0.60901 -0.60901
-0.123012 -0.123012
0.73119 0.73119
0.1895 0.1895
-0.168048 -0.168048
-0.0263073 -0.0263073
-0.204069 -0.204069
-0.800836 -0.800836
-0.280438 -0.280438
-0.102636 -0.102636
0.0681837 0.0681837
-0.41573 -0.41573
-0.584337 -0.584337
0.128857 0.128857
-0.00328483 -0.00328483
0.721523 0.721523
-0.295597 -0.295597
-0.0879816 -0.0879816
-0.693608 -0.693608
0.266618 0.266618
0.166067 0.166067
-0.241876 -0.241876
0.121017 0.121017
-0.412805 -0.412805
-0.421177 -0.421177
-0.561597 -0.561597
-0.562922 -0.562922
0.328075 0.328075
-0.143245 -0.143245
-0.274102 -0.274102
-0.643938 -0.643938
-0.117428 -0.117428
-0.297607 -0.297607
-0.545049 -0.545049
-0.113308 -0.113308
-0.190388 -0.190388
-0.601666 -0.601666
-0.805115 -0.805115
0.722954 0.722954
0.0313228 0.0313228
0.0547037 0.0547037
0.400598 0.400598
0.682451 0.682451
0.0355265 0.0355265
-0.337286 -0.337286
0.368606 0.368606
-0.154698 -0.154698
0.747635 0.747635
0.349614 0.349614
0.536287 0.536287
0.123661 0.123661
0.513621 0.513621
0.577875 0.577875
-0.360427 -0.360427
-0.681663 -0.681663
0.352785 0.352785
0.348325 0.348325
0.15593 0.15593
-0.220098 -0.220098
0.119028 0.119028
-0.107315 -0.107315
0.15082 0.15082
-0.178174 -0.178174
0.363104 0.363104
-0.555187 -0.555187
0.224396 0.224396
-0.64503 -0.64503
0.372232 0.372232
0.424277 0.424277
-0.0210298 -0.0210298
-0.0971702 -0.0971702
-0.425311 -0.425311
-0.551779 -0.551779
-0.0895805 -0.0895805
0.244449 0.244449
0.255559 0.255559
0.712823 0.712823
0.157928 0.157928
0.15063 0.15063
-0.0566833 -0.0566833
-0.436345 -0.436345
-0.735048 -0.735048
-0.787043 -0.787043
0.677565 0.677565
-0.718045 -0.718045
-0.565155 -0.565155
-0.46712 -0.46712
0.627306 0.627306
-0.584427 -0.584427
-0.492059 -0.492059
0.779788 0.779788
-0.35203 -0.35203
0.181187 0.181187
-0.43823 -0.43823
-0.292605 -0.292605
-0.749197 -0.749197
-0.348413 -0.348413
-0.79061 -0.79061
-0.717271 -0.717271
-0.704693 -0.704693
0.212107 0.212107
-0.132039 -0.132039
0.512787 0.512787
-0.552559 -0.552559
0.21531 0.21531
0.272023 0.272023
-0.137697 -0.137697
-0.406494 -0.406494
-0.223587 -0.223587
-0.492039 -0.492039
-0.210102 -0.210102
-0.161918 -0.161918
-0.229813 -0.229813
-0.0578265 -0.0578265
-0.552802 -0.552802
-0.530209 -0.530209
0.01239 0.01239
-0.0465493 -0.0465493
0.35598 0.35598
-0.768308 -0.768308
-0.172611 -0.172611
0.471894 0.471894
0.289955 0.289955
0.206575 0.206575
0.52043 0.52043
0.603729 0.603729
0.0278824 0.0278824
0.460393 0.460393
0.193962 0.193962
0.31119 0.31119
-0.285138 -0.285138
-0.737509 -0.737509
-0.0314527 -0.0314527
-0.0971736 -0.0971736
0.119388 0.119388
-0.71938 -0.71938
0.0253215 0.0253215
-0.443927 -0.443927
-0.65721 -0.65721
-0.746072 -0.746072
-0.719295 -0.719295
-0.387082 -0.387082
0.22129 0.22129
-0.763595 -0.763595
0.182112 0.182112
0.111938 0.111938
0.0243273 0.0243273
0.226813 0.226813
-0.337958 -0.337958
0.243142 0.243142
0.252934 0.252934
0.239981 0.239981
-0.157942 -0.157942
0.232998 0.232998
-0.194634 -0.194634
0.56782 0.56782
-0.123458 -0.123458
0.000502444 0.000502444
-0.421177 -0.421177
-0.156344 -0.156344
0.317932 0.317932
0.484397 0.484397
0.347502 0.347502
-0.160677 -0.160677
0.372887 0.372887
-0.613552 -0.613552
0.151562 0.151562
0.656725 0.656725
-0.41302 -0.41302
-0.686831 -0.686831
0.0120133 0.0120133
0.0783126 0.0783126
0.433061 0.433061
0.473525 0.473525
0.469804 0.469804
-0.549251 -0.549251
0.317949 0.317949
-0.51738 -0.51738
-0.0881418 -0.0881418
-0.0309616 -0.0309616
-0.697122 -0.697122
-0.297595 -0.297595
-0.583194 -0.583194
-0.597258 -0.597258
0.143631 0.143631
-0.376059 -0.376059
-0.280268 -0.280268
-0.416473 -0.416473
-0.460509 -0.460509
-0.23625 -0.23625
0.712823 0.712823
0.245451 0.245451
0.0999017 0.0999017
0.631824 0.631824
0.0648331 0.0648331
0.541549 0.541549
0.0669954 0.0669954
0.333856 0.333856
-0.241876 -0.241876
0.121017 0.121017
0.557303 0.557303
-0.117428 -0.117428
-0.113308 -0.113308
-0.190388 -0.190388
-0.171832 -0.171832
0.524169 0.524169
0.706445 0.706445
-0.805115 -0.805115
0.400598 0.400598
0.0402886 0.0402886
-0.214344 -0.214344
0.349614 0.349614
0.14581 0.14581
-0.0668173 -0.0668173
0.513621 0.513621
0.577875 0.577875
-0.215444 -0.215444
0.352785 0.352785
0.348325 0.348325
0.119028 0.119028
-0.60901 -0.60901
-0.107315 -0.107315
-0.143245 -0.143245
0.722954 0.722954
0.0313228 0.0313228
0.157928 0.157928
0.15063 0.15063
-0.178174 -0.178174
0.206575 0.206575
-0.438163 -0.438163
-0.779513 -0.779513
-0.442362 -0.442362
0.333856 0.333856
0.272502 0.272502
-0.674292 -0.674292
0.135685 0.135685
0.557303 0.557303
-0.498868 -0.498868
-0.280438 -0.280438
-0.102636 -0.102636
-0.171832 -0.171832
0.0402886 0.0402886
0.750374 0.750374
0.14581 0.14581
0.575105 0.575105
-0.582664 -0.582664
0.465461 0.465461
0.422141 0.422141
-0.174469 -0.174469
0.00559921 0.00559921
-0.274102 -0.274102
-0.0668173 -0.0668173
-0.60901 -0.60901
0.128982 0.128982
0.763452 0.763452
0.229124 0.229124
-0.141067 -0.141067
-0.0197358 -0.0197358
0.0999017 0.0999017
-0.143245 -0.143245
0.722954 0.722954
0.0313228 0.0313228
-0.753682 -0.753682
-0.494855 -0.494855
0.0805738 0.0805738
-0.0566833 -0.0566833
0.157928 0.157928
0.15063 0.15063
-0.178174 -0.178174
0.206575 0.206575
0.574209 0.574209
0.0951845 0.0951845
0.137703 0.137703
0.377046 0.377046
-0.31431 -0.31431
-0.4769 -0.4769
0.140789 0.140789
-0.293867 -0.293867
0.753305 0.753305
-0.195659 -0.195659
0.467627 0.467627
-0.123012 -0.123012
-0.374926 -0.374926
-0.800058 -0.800058
-0.168048 -0.168048
0.333856 0.333856
0.474131 0.474131
-0.498868 -0.498868
-0.280438 -0.280438
-0.102636 -0.102636
-0.204069 -0.204069
0.557303 0.557303
0.0681837 0.0681837
0.186304 0.186304
-0.210102 -0.210102
-0.229813 -0.229813
-0.0578265 -0.0578265
0.721523 0.721523
-0.443927 -0.443927
0.128857 0.128857
-0.00328483 -0.00328483
-0.436345 -0.436345
-0.735048 -0.735048
-0.787043 -0.787043
-0.0320522 -0.0320522
0.0207675 0.0207675
-0.551826 -0.551826
-0.0465493 -0.0465493
-0.290934 -0.290934
-0.274102 -0.274102
-0.143245 -0.143245
0.722954 0.722954
0.621702 0.621702
0.0313228 0.0313228
0.0243094 0.0243094
0.157928 0.157928
-0.171832 -0.171832
0.15063 0.15063
0.1895 0.1895
0.0999017 0.0999017
-0.178174 -0.178174
-0.0263073 -0.0263073
0.206575 0.206575
-0.123012 -0.123012
-0.168048 -0.168048
-0.204069 -0.204069
-0.800836 -0.800836
-0.41573 -0.41573
0.0681837 0.0681837
0.0546836 0.0546836
0.0402886 0.0402886
-0.693608 -0.693608
0.128857 0.128857
0.14581 0.14581
-0.412805 -0.412805
-0.00328483 -0.00328483
-0.643938 -0.643938
0.73119 0.73119
-0.0668173 -0.0668173
-0.297607 -0.297607
-0.210102 -0.210102
-0.229813 -0.229813
-0.576168 -0.576168
-0.0578265 -0.0578265
0.328075 0.328075
0.368606 0.368606
-0.154698 -0.154698
0.166067 0.166067
-0.601666 -0.601666
0.682451 0.682451
0.536287 0.536287
-0.360427 -0.360427
-0.498868 -0.498868
-0.280438 -0.280438
-0.102636 -0.102636
-0.443927 -0.443927
-0.274102 -0.274102
0.363104 0.363104
-0.681663 -0.681663
-0.555187 -0.555187
-0.0465493 -0.0465493
0.557303 0.557303
0.15593 0.15593
0.157928 0.157928
-0.805926 -0.805926
0.677565 0.677565
0.414251 0.414251
0.763452 0.763452
-0.171832 -0.171832
0.0355265 0.0355265
0.0999017 0.0999017
0.0402886 0.0402886
0.747635 0.747635
0.52043 0.52043
-0.46712 -0.46712
0.123661 0.123661
0.627306 0.627306
0.244449 0.244449
0.15063 0.15063
0.603729 0.603729
-0.032846 -0.032846
0.224396 0.224396
0.680219 0.680219
-0.584427 -0.584427
0.372232 0.372232
-0.143245 -0.143245
-0.492059 -0.492059
0.0313228 0.0313228
-0.123012 -0.123012
-0.168048 -0.168048
-0.204069 -0.204069
0.0681837 0.0681837
0.128857 0.128857
0.722954 0.722954
0.14581 0.14581
0.181187 0.181187
-0.0668173 -0.0668173
-0.64503 -0.64503
-0.00328483 -0.00328483
0.52043 0.52043
0.603729 0.603729
0.712823 0.712823
-0.704693 -0.704693
0.0999017 0.0999017
0.212107 0.212107
-0.0465493 -0.0465493
-0.210102 -0.210102
-0.156344 -0.156344
-0.584337 -0.584337
-0.0578265 -0.0578265
-0.0210298 -0.0210298
-0.492039 -0.492039
-0.552802 -0.552802
-0.530209 -0.530209
0.01239 0.01239
0.779788 0.779788
0.471894 0.471894
0.289955 0.289955
-0.35203 -0.35203
-0.443927 -0.443927
-0.613552 -0.613552
-0.194634 -0.194634
0.247061 0.247061
-0.0879816 -0.0879816
-0.204069 -0.204069
0.102204 0.102204
-0.274102 -0.274102
-0.60901 -0.60901
-0.43823 -0.43823
-0.00328483 -0.00328483
0.272023 0.272023
-0.280438 -0.280438
-0.102636 -0.102636
-0.143245 -0.143245
0.722954 0.722954
0.0313228 0.0313228
0.157928 0.157928
0.128857 0.128857
0.333856 0.333856
0.15082 0.15082
-0.520885 -0.520885
0.118419 0.118419
-0.498868 -0.498868
-0.613552 -0.613552
0.557303 0.557303
0.52043 0.52043
0.603729 0.603729
-0.295597 -0.295597
-0.0578265 -0.0578265
-0.194634 -0.194634
-0.805926 -0.805926
0.414251 0.414251
0.524169 0.524169
0.706445 0.706445
-0.443927 -0.443927
-0.421177 -0.421177
-0.210102 -0.210102
-0.561597 -0.561597
-0.229813 -0.229813
0.0681837 0.0681837
0.266618 0.266618
-0.214344 -0.214344
-0.545049 -0.545049
-0.168048 -0.168048
0.0278824 0.0278824
-0.171832 -0.171832
-0.215444 -0.215444
-0.60901 -0.60901
-0.161918 -0.161918
0.460393 0.460393
0.193962 0.193962
0.31119 0.31119
-0.498868 -0.498868
0.35598 0.35598
-0.123012 -0.123012
-0.220098 -0.220098
-0.562922 -0.562922
-0.032846 -0.032846
-0.0465493 -0.0465493
0.0402886 0.0402886
-0.0314527 -0.0314527
-0.238932 -0.238932
-0.0668173 -0.0668173
-0.0971736 -0.0971736
-0.65721 -0.65721
-0.746072 -0.746072
0.22129 0.22129
0.111938 0.111938
-0.292605 -0.292605
-0.749197 -0.749197
-0.280438 -0.280438
-0.102636 -0.102636
0.244449 0.244449
0.52043 0.52043
0.603729 0.603729
-0.551779 -0.551779
-0.0895805 -0.0895805
-0.143245 -0.143245
0.722954 0.722954
0.0313228 0.0313228
-0.584337 -0.584337
-0.718045 -0.718045
-0.565155 -0.565155
-0.285138 -0.285138
-0.737509 -0.737509
0.157928 0.157928
0.15082 0.15082
0.512787 0.512787
0.21531 0.21531
-0.406494 -0.406494
-0.223587 -0.223587
-0.123012 -0.123012
-0.168048 -0.168048
-0.204069 -0.204069
0.0681837 0.0681837
0.128857 0.128857
-0.00328483 -0.00328483
0.243142 0.243142
-0.210102 -0.210102
-0.229813 -0.229813
-0.0578265 -0.0578265
0.372887 0.372887
-0.274102 -0.274102
0.0547037 0.0547037
-0.613552 -0.613552
0.484397 0.484397
0.347502 0.347502
-0.562922 -0.562922
0.333856 0.333856
-0.337286 -0.337286
0.524169 0.524169
0.706445 0.706445
-0.214344 -0.214344
-0.215444 -0.215444
0.0253215 0.0253215
0.424277 0.424277
-0.387082 -0.387082
0.557303 0.557303
-0.763595 -0.763595
-0.805926 -0.805926
0.414251 0.414251
-0.0465493 -0.0465493
0.0243273 0.0243273
-0.171832 -0.171832
-0.160677 -0.160677
-0.60901 -0.60901
-0.376059 -0.376059
-0.0971702 -0.0971702
-0.032846 -0.032846
-0.337958 -0.337958
0.0402886 0.0402886
0.252934 0.252934
-0.238932 -0.238932
0.239981 0.239981
-0.0668173 -0.0668173
-0.157942 -0.157942
0.232998 0.232998
0.56782 0.56782
-0.280268 -0.280268
-0.132039 -0.132039
-0.292605 -0.292605
-0.749197 -0.749197
-0.552559 -0.552559
0.0999017 0.0999017
-0.137697 -0.137697
-0.416473 -0.416473
-0.460509 -0.460509
-0.143245 -0.143245
-0.23625 -0.23625
0.722954 0.722954
0.712823 0.712823
0.0313228 0.0313228
-0.443927 -0.443927
0.157928 0.157928
0.244449 0.244449
-0.123458 -0.123458
0.541549 0.541549
0.0669954 0.0669954
-0.421177 -0.421177
0.317932 0.317932
0.143631 0.143631
-0.551779 -0.551779
-0.0895805 -0.0895805
-0.718045 -0.718045
-0.565155 -0.565155
-0.41302 -0.41302
-0.686831 -0.686831
-0.498868 -0.498868
-0.123012 -0.123012
0.0783126 0.0783126
0.524169 0.524169
0.433061 0.433061
0.706445 0.706445
-0.168048 -0.168048
-0.204069 -0.204069
-0.214344 -0.214344
-0.549251 -0.549251
-0.60901 -0.60901
0.0681837 0.0681837
0.317949 0.317949
0.128857 0.128857
-0.51738 -0.51738
-0.210102 -0.210102
-0.00328483 -0.00328483
-0.0881418 -0.0881418
-0.229813 -0.229813
-0.0309616 -0.0309616
0.465461 0.465461
-0.697122 -0.697122
-0.280438 -0.280438
0.422141 0.422141
-0.102636 -0.102636
-0.297595 -0.297595
-0.0578265 -0.0578265
-0.583194 -0.583194
-0.215444 -0.215444
-0.143245 -0.143245
0.333856 0.333856
-0.562922 -0.562922
-0.584337 -0.584337
0.722954 0.722954
0.0313228 0.0313228
0.128982 0.128982
0.557303 0.557303
-0.753682 -0.753682
0.631824 0.631824
0.0648331 0.0648331
-0.443927 -0.443927
0.157928 0.157928
0.0951845 0.0951845
-0.337286 -0.337286
-0.171832 -0.171832
0.245451 0.245451
-0.274102 -0.274102
0.0547037 0.0547037
-0.0465493 -0.0465493
0.750374 0.750374
-0.132039 -0.132039
0.52043 0.52043
-0.552559 -0.552559
0.603729 0.603729
-0.137697 -0.137697
0.0402886 0.0402886
-0.0668173 -0.0668173
0.424277 0.424277
-0.438163 -0.438163
-0.779513 -0.779513
0.750374 0.750374
-0.0971702 -0.0971702
-0.241876 -0.241876
0.121017 0.121017
0.467627 0.467627
-0.117428 -0.117428
0.474131 0.474131
0.0999017 0.0999017
-0.113308 -0.113308
-0.190388 -0.190388
-0.123012 -0.123012
-0.805115 -0.805115
0.400598 0.400598
-0.210102 -0.210102
-0.168048 -0.168048
0.621702 0.621702
-0.60901 -0.60901
0.333856 0.333856
-0.194634 -0.194634
-0.229813 -0.229813
0.349614 0.349614
-0.204069 -0.204069
0.557303 0.557303
-0.0578265 -0.0578265
-0.171832 -0.171832
0.000502444 0.000502444
0.513621 0.513621
0.577875 0.577875
0.352785 0.352785
0.348325 0.348325
0.119028 0.119028
-0.107315 -0.107315
0.0402886 0.0402886
-0.143245 -0.143245
-0.0668173 -0.0668173
0.722954 0.722954
0.0681837 0.0681837
-0.31431 -0.31431
-0.215444 -0.215444
0.0313228 0.0313228
-0.498868 -0.498868
-0.443927 -0.443927
0.128857 0.128857
-0.280438 -0.280438
-0.4769 -0.4769
-0.102636 -0.102636
0.157928 0.157928
0.140789 0.140789
0.753305 0.753305
-0.00328483 -0.00328483
-0.214344 -0.214344
0.750374 0.750374
0.467627 0.467627
0.15082 0.15082
0.524169 0.524169
0.706445 0.706445
-0.520885 -0.520885
0.118419 0.118419
0.52043 0.52043
0.603729 0.603729
0.272502 0.272502
-0.494855 -0.494855
0.135685 0.135685
0.00559921 0.00559921
-0.0465493 -0.0465493
0.677565 0.677565
0.474131 0.474131
-0.46712 -0.46712
0.627306 0.627306
-0.274102 -0.274102
0.0999017 0.0999017
-0.123012 -0.123012
-0.210102 -0.210102
-0.168048 -0.168048
-0.494855 -0.494855
0.465461 0.465461
0.422141 0.422141
-0.229813 -0.229813
-0.204069 -0.204069
-0.0578265 -0.0578265
0.0681837 0.0681837
0.186304 0.186304
0.128857 0.128857
-0.00328483 -0.00328483
0.333856 0.333856
-0.60901 -0.60901
-0.0465493 -0.0465493
0.128982 0.128982
-0.194634 -0.194634
0.557303 0.557303
-0.805926 -0.805926
0.414251 0.414251
-0.613552 -0.613552
0.000502444 0.000502444
-0.753682 -0.753682
-0.143245 -0.143245
0.722954 0.722954
0.0951845 0.0951845
0.0313228 0.0313228
0.157928 0.157928
0.15082 0.15082
-0.0566833 -0.0566833
-0.551826 -0.551826
-0.498868 -0.498868
-0.280438 -0.280438
-0.102636 -0.102636
0.328075 0.328075
-0.274102 -0.274102
0.15593 0.15593
-0.374926 -0.374926
-0.800058 -0.800058
0.0999017 0.0999017
-0.171832 -0.171832
-0.123012 -0.123012
-0.443927 -0.443927
-0.032846 -0.032846
-0.31431 -0.31431
0.621702 0.621702
-0.168048 -0.168048
-0.160677 -0.160677
0.0402886 0.0402886
-0.4769 -0.4769
-0.693608 -0.693608
0.524169 0.524169
0.706445 0.706445
-0.238932 -0.238932
-0.204069 -0.204069
-0.0668173 -0.0668173
0.0355265 0.0355265
-0.214344 -0.214344
0.0681837 0.0681837
0.140789 0.140789
-0.60901 -0.60901
0.747635 0.747635
0.753305 0.753305
-0.292605 -0.292605
-0.749197 -0.749197
0.244449 0.244449
0.128857 0.128857
0.52043 0.52043
0.603729 0.603729
-0.00328483 -0.00328483
-0.551779 -0.551779
-0.0895805 -0.0895805
0.372232 0.372232
-0.494855 -0.494855
0.471894 0.471894
0.289955 0.289955
-0.718045 -0.718045
-0.565155 -0.565155
0.465461 0.465461
0.422141 0.422141
-0.194634 -0.194634
0.750374 0.750374
-0.498868 -0.498868
0.333856 0.333856
0.128982 0.128982
0.677565 0.677565
-0.215444 -0.215444
-0.46712 -0.46712
-0.753682 -0.753682
0.627306 0.627306
-0.280438 -0.280438
-0.102636 -0.102636
-0.436345 -0.436345
-0.735048 -0.735048
-0.787043 -0.787043
0.0951845 0.0951845
0.557303 0.557303
-0.584337 -0.584337
-0.210102 -0.210102
0.186304 0.186304
-0.143245 -0.143245
-0.562922 -0.562922
-0.805926 -0.805926
0.414251 0.414251
0.467627 0.467627
-0.229813 -0.229813
0.722954 0.722954
-0.0578265 -0.0578265
0.0313228 0.0313228
-0.337286 -0.337286
0.474131 0.474131
-0.0465493 -0.0465493
0.157928 0.157928
-0.132039 -0.132039
-0.552559 -0.552559
0.52043 0.52043
0.603729 0.603729
-0.274102 -0.274102
-0.137697 -0.137697
-0.171832 -0.171832
0.0547037 0.0547037
-0.551826 -0.551826
0.424277 0.424277
-0.0971702 -0.0971702
0.680219 0.680219
0.0999017 0.0999017
-0.674292 -0.674292
-0.032846 -0.032846
-0.576168 -0.576168
-0.60901 -0.60901
0.0402886 0.0402886
-0.238932 -0.238932
0.621702 0.621702
-0.0668173 -0.0668173
-0.292605 -0.292605
-0.749197 -0.749197
-0.443927 -0.443927
-0.31431 -0.31431
-0.4769 -0.4769
0.140789 0.140789
0.753305 0.753305
0.677565 0.677565
-0.46712 -0.46712
0.627306 0.627306
-0.143245 -0.143245
-0.123012 -0.123012
0.328075 0.328075
0.722954 0.722954
0.15593 0.15593
-0.168048 -0.168048
-0.160677 -0.160677
0.0313228 0.0313228
-0.204069 -0.204069
0.244449 0.244449
0.0681837 0.0681837
0.157928 0.157928
-0.498868 -0.498868
0.128857 0.128857
-0.00328483 -0.00328483
-0.194634 -0.194634
-0.280438 -0.280438
-0.102636 -0.102636
-0.584337 -0.584337
-0.545049 -0.545049
-0.562922 -0.562922
-0.613552 -0.613552
-0.274102 -0.274102
0.512787 0.512787
-0.337286 -0.337286
0.0547037 0.0547037
0.21531 0.21531
0.471894 0.471894
0.289955 0.289955
-0.551779 -0.551779
-0.0895805 -0.0895805
-0.0465493 -0.0465493
-0.406494 -0.406494
-0.223587 -0.223587
-0.0879816 -0.0879816
-0.718045 -0.718045
-0.565155 -0.565155
0.424277 0.424277
0.0253215 0.0253215
-0.693608 -0.693608
-0.132039 -0.132039
-0.552559 -0.552559
-0.0971702 -0.0971702
-0.137697 -0.137697
0.0355265 0.0355265
-0.387082 -0.387082
-0.763595 -0.763595
0.0999017 0.0999017
0.747635 0.747635
0.524169 0.524169
0.706445 0.706445
-0.157942 -0.157942
0.372232 0.372232
0.333856 0.333856
-0.498868 -0.498868
-0.280438 -0.280438
-0.102636 -0.102636
-0.210102 -0.210102
0.52043 0.52043
0.557303 0.557303
0.603729 0.603729
-0.229813 -0.229813
-0.123012 -0.123012
-0.0578265 -0.0578265
-0.168048 -0.168048
-0.274102 -0.274102
-0.214344 -0.214344
-0.171832 -0.171832
0.186304 0.186304
0.0951845 0.0951845
0.102204 0.102204
-0.421177 -0.421177
-0.561597 -0.561597
-0.551826 -0.551826
-0.215444 -0.215444
-0.204069 -0.204069
0.0681837 0.0681837
0.128857 0.128857
-0.00328483 -0.00328483
0.140789 0.140789
-0.753682 -0.753682
0.0402886 0.0402886
-0.443927 -0.443927
-0.0668173 -0.0668173
-0.0465493 -0.0465493
0.328075 0.328075
-0.293867 -0.293867
-0.194634 -0.194634
0.0999017 0.0999017
0.467627 0.467627
0.474131 0.474131
0.000502444 0.000502444
-0.674292 -0.674292
0.35598 0.35598
0.471894 0.471894
0.289955 0.289955
0.128982 0.128982
-0.545049 -0.545049
-0.4769 -0.4769
0.512787 0.512787
-0.31431 -0.31431
0.21531 0.21531
-0.0971736 -0.0971736
-0.406494 -0.406494
-0.223587 -0.223587
0.333856 0.333856
0.0278824 0.0278824
-0.210102 -0.210102
0.460393 0.460393
-0.229813 -0.229813
0.193962 0.193962
0.31119 0.31119
0.557303 0.557303
-0.0578265 -0.0578265
-0.693608 -0.693608
-0.171832 -0.171832
0.747635 0.747635
0.372232 0.372232
0.0402886 0.0402886
-0.0668173 -0.0668173
0.0253215 0.0253215
-0.498868 -0.498868
-0.387082 -0.387082
-0.763595 -0.763595
-0.157942 -0.157942
-0.123012 -0.123012
0.52043 0.52043
0.603729 0.603729
-0.280438 -0.280438
-0.102636 -0.102636
-0.613552 -0.613552
-0.443927 -0.443927
0.243142 0.243142
-0.274102 -0.274102
0.0999017 0.0999017
-0.168048 -0.168048
-0.204069 -0.204069
0.524169 0.524169
0.0681837 0.0681837
0.706445 0.706445
0.750374 0.750374
0.128857 0.128857
-0.00328483 -0.00328483
-0.123458 -0.123458
-0.421177 -0.421177
0.317932 0.317932
0.272502 0.272502
0.135685 0.135685
-0.576168 -0.576168
-0.107315 -0.107315
-0.494855 -0.494855
-0.783903 -0.783903
-0.0465493 -0.0465493
-0.214344 -0.214344
-0.194634 -0.194634
0.000502444 0.000502444
-0.210102 -0.210102
-0.229813 -0.229813
-0.0578265 -0.0578265
-0.443927 -0.443927
-0.545049 -0.545049
0.0546836 0.0546836
-0.582664 -0.582664
0.512787 0.512787
0.21531 0.21531
0.467627 0.467627
-0.215444 -0.215444
-0.406494 -0.406494
-0.0879816 -0.0879816
-0.223587 -0.223587
0.474131 0.474131
-0.783903 -0.783903
0.0278824 0.0278824
0.465461 0.465461
0.460393 0.460393
0.422141 0.422141
0.193962 0.193962
0.31119 0.31119
0.186304 0.186304
-0.141067 -0.141067
0.159924 0.159924
0.207892 0.207892
0.0253215 0.0253215
-0.387082 -0.387082
-0.763595 -0.763595
-0.157942 -0.157942
0.747635 0.747635
0.0355265 0.0355265
-0.552802 -0.552802
-0.174469 -0.174469
0.52043 0.52043
-0.174404 -0.174404
0.603729 0.603729
-0.14114 -0.14114
-0.421177 -0.421177
-0.561597 -0.561597
0.137703 0.137703
-0.194634 -0.194634
0.377046 0.377046
0.128982 0.128982
-0.4769 -0.4769
0.140789 0.140789
-0.753682 -0.753682
-0.613552 -0.613552
0.35598 0.35598
0.558639 0.558639
-0.293867 -0.293867
0.574209 0.574209
0.753305 0.753305
-0.195659 -0.195659
0.0951845 0.0951845
0.677565 0.677565
-0.46712 -0.46712
0.627306 0.627306
0.243142 0.243142
-0.0320522 -0.0320522
0.0207675 0.0207675
0.52043 0.52043
0.603729 0.603729
-0.194634 -0.194634
0.558639 0.558639
-0.290934 -0.290934
-0.0971736 -0.0971736
-0.170592 -0.170592
0.512787 0.512787
0.21531 0.21531
0.524169 0.524169
0.706445 0.706445
-0.406494 -0.406494
-0.214344 -0.214344
-0.123458 -0.123458
0.721523 0.721523
0.1895 0.1895
0.621702 0.621702
-0.421177 -0.421177
-0.223587 -0.223587
0.317932 0.317932
0.272502 0.272502
-0.220098 -0.220098
-0.0263073 -0.0263073
-0.215444 -0.215444
0.135685 0.135685
0.328075 0.328075
-0.41573 -0.41573
-0.154698 -0.154698
0.0253215 0.0253215
-0.681663 -0.681663
-0.387082 -0.387082
-0.576168 -0.576168
-0.763595 -0.763595
-0.107315 -0.107315
-0.166733 -0.166733
-0.0016398 -0.0016398
0.712823 0.712823
-0.601666 -0.601666
0.682451 0.682451
0.363104 0.363104
-0.285138 -0.285138
-0.737509 -0.737509
0.471894 0.471894
0.289955 0.289955
-0.584427 -0.584427
0.181187 0.181187
0.750374 0.750374
-0.0879816 -0.0879816
-0.693608 -0.693608
0.467627 0.467627
0.272023 0.272023
-0.643938 -0.643938
-0.582664 -0.582664
0.684401 0.684401
-0.297607 -0.297607
0.474131 0.474131
0.465461 0.465461
0.422141 0.422141
-0.421177 -0.421177
-0.561597 -0.561597
-0.0568466 -0.0568466
0.0278824 0.0278824
-0.174469 -0.174469
0.0355265 0.0355265
0.747635 0.747635
0.224396 0.224396
0.372232 0.372232
-0.141067 -0.141067
0.460393 0.460393
-0.613552 -0.613552
0.193962 0.193962
0.31119 0.31119
0.128982 0.128982
-0.753682 -0.753682
0.574209 0.574209
0.0951845 0.0951845
-0.0971736 -0.0971736
0.137703 0.137703
0.377046 0.377046
-0.4769 -0.4769
0.140789 0.140789
-0.293867 -0.293867
0.753305 0.753305
-0.195659 -0.195659
-0.494855 -0.494855
-0.492039 -0.492039
0.247061 0.247061
-0.290934 -0.290934
0.243142 0.243142
0.621702 0.621702
0.677565 0.677565
-0.46712 -0.46712
0.627306 0.627306
-0.0320522 -0.0320522
0.721523 0.721523
0.0207675 0.0207675
0.186304 0.186304
-0.601666 -0.601666
0.524169 0.524169
0.706445 0.706445
0.682451 0.682451
-0.295597 -0.295597
0.266618 0.266618
0.1895 0.1895
-0.214344 -0.214344
-0.123458 -0.123458
-0.0263073 -0.0263073
-0.545049 -0.545049
-0.220098 -0.220098
-0.215444 -0.215444
-0.41573 -0.41573
0.363104 0.363104
-0.421177 -0.421177
0.512787 0.512787
0.21531 0.21531
-0.406494 -0.406494
-0.223587 -0.223587
-0.285138 -0.285138
-0.737509 -0.737509
0.328075 0.328075
0.317932 0.317932
0.0253215 0.0253215
-0.154698 -0.154698
0.272502 0.272502
-0.387082 -0.387082
0.135685 0.135685
-0.763595 -0.763595
0.0243273 0.0243273
0.232998 0.232998
-0.693608 -0.693608
-0.674292 -0.674292
-0.576168 -0.576168
-0.643938 -0.643938
-0.107315 -0.107315
-0.297607 -0.297607
-0.681663 -0.681663
0.750374 0.750374
0.467627 0.467627
0.465461 0.465461
0.471894 0.471894
0.474131 0.474131
-0.4769 -0.4769
0.422141 0.422141
0.289955 0.289955
0.0355265 0.0355265
0.712823 0.712823
-0.41302 -0.41302
-0.686831 -0.686831
-0.584427 -0.584427
0.0783126 0.0783126
0.433061 0.433061
0.473525 0.473525
0.272023 0.272023
0.140789 0.140789
0.621702 0.621702
0.128982 0.128982
0.181187 0.181187
0.753305 0.753305
0.747635 0.747635
-0.549251 -0.549251
0.224396 0.224396
-0.51738 -0.51738
0.677565 0.677565
-0.0879816 -0.0879816
-0.0881418 -0.0881418
-0.753682 -0.753682
0.372232 0.372232
0.0951845 0.0951845
-0.46712 -0.46712
0.627306 0.627306
-0.583194 -0.583194
-0.576168 -0.576168
0.229124 0.229124
-0.613552 -0.613552
-0.494855 -0.494855
-0.492039 -0.492039
0.524169 0.524169
0.706445 0.706445
-0.214344 -0.214344
-0.421177 -0.421177
-0.561597 -0.561597
-0.215444 -0.215444
0.186304 0.186304
0.750374 0.750374
0.467627 0.467627
0.474131 0.474131
-0.4769 -0.4769
0.140789 0.140789
0.753305 0.753305
0.677565 0.677565
-0.46712 -0.46712
0.627306 0.627306
0.328075 0.328075
0.621702 0.621702
-0.107315 -0.107315
-0.674292 -0.674292
-0.65721 -0.65721
0.22129 0.22129
0.247061 0.247061
0.111938 0.111938
0.243142 0.243142
-0.295597 -0.295597
0.266618 0.266618
-0.545049 -0.545049
-0.494855 -0.494855
0.750374 0.750374
0.467627 0.467627
0.474131 0.474131
-0.613552 -0.613552
0.372887 0.372887
-0.220098 -0.220098
0.186304 0.186304
0.512787 0.512787
0.21531 0.21531
-0.406494 -0.406494
-0.223587 -0.223587
-0.376059 -0.376059
-0.280268 -0.280268
-0.438163 -0.438163
-0.779513 -0.779513
0.245451 0.245451
-0.117428 -0.117428
-0.123458 -0.123458
-0.421177 -0.421177
-0.190388 -0.190388
-0.582664 -0.582664
0.465461 0.465461
0.0278824 0.0278824
-0.290934 -0.290934
0.328075 0.328075
0.422141 0.422141
0.0253215 0.0253215
0.193962 0.193962
0.31119 0.31119
-0.387082 -0.387082
-0.763595 -0.763595
0.0243273 0.0243273
0.102204 0.102204
0.621702 0.621702
0.352785 0.352785
0.128982 0.128982
0.232998 0.232998
-0.753682 -0.753682
0.471894 0.471894
0.289955 0.289955
-0.141067 -0.141067
0.524169 0.524169
0.706445 0.706445
-0.214344 -0.214344
0.0951845 0.0951845
-0.601666 -0.601666
-0.693608 -0.693608
0.137703 0.137703
0.682451 0.682451
0.377046 0.377046
0.363104 0.363104
-0.4769 -0.4769
0.140789 0.140789
-0.293867 -0.293867
0.753305 0.753305
-0.195659 -0.195659
0.0355265 0.0355265
0.747635 0.747635
0.372232 0.372232
-0.215444 -0.215444
-0.41302 -0.41302
-0.686831 -0.686831
0.0783126 0.0783126
0.433061 0.433061
-0.549251 -0.549251
-0.51738 -0.51738
-0.0881418 -0.0881418
0.677565 0.677565
-0.494855 -0.494855
-0.46712 -0.46712
0.627306 0.627306
-0.583194 -0.583194
0.102204 0.102204
-0.0879816 -0.0879816
0.186304 0.186304
0.750374 0.750374
-0.613552 -0.613552
0.467627 0.467627
0.474131 0.474131
-0.0320522 -0.0320522
0.0207675 0.0207675
0.524169 0.524169
0.706445 0.706445
-0.214344 -0.214344
0.0278824 0.0278824
0.460393 0.460393
-0.215444 -0.215444
0.193962 0.193962
0.31119 0.31119
0.328075 0.328075
-0.421177 -0.421177
-0.561597 -0.561597
-0.154698 -0.154698
-0.681663 -0.681663
0.465461 0.465461
0.422141 0.422141
-0.545049 -0.545049
0.243142 0.243142
0.471894 0.471894
0.289955 0.289955
0.512787 0.512787
0.21531 0.21531
0.712823 0.712823
0.56782 0.56782
-0.406494 -0.406494
-0.223587 -0.223587
0.1895 0.1895
-0.0263073 -0.0263073
-0.174469 -0.174469
-0.41573 -0.41573
0.272023 0.272023
-0.693608 -0.693608
-0.290934 -0.290934
0.0355265 0.0355265
0.0253215 0.0253215
-0.123458 -0.123458
-0.421177 -0.421177
-0.65721 -0.65721
-0.285138 -0.285138
0.747635 0.747635
-0.737509 -0.737509
0.317932 0.317932
-0.387082 -0.387082
0.372232 0.372232
-0.763595 -0.763595
0.22129 0.22129
0.128982 0.128982
0.272502 0.272502
0.621702 0.621702
-0.753682 -0.753682
0.111938 0.111938
0.574209 0.574209
0.135685 0.135685
0.0951845 0.0951845
-0.576168 -0.576168
-0.494855 -0.494855
0.186304 0.186304
0.372887 0.372887
0.245451 0.245451
-0.582664 -0.582664
-0.241876 -0.241876
0.121017 0.121017
-0.601666 -0.601666
0.721523 0.721523
-0.376059 -0.376059
0.682451 0.682451
-0.280268 -0.280268
0.363104 0.363104
-0.438163 -0.438163
-0.779513 -0.779513
-0.117428 -0.117428
-0.141067 -0.141067
0.400598 0.400598
0.577875 0.577875
0.348325 0.348325
0.137703 0.137703
0.377046 0.377046
-0.4769 -0.4769
0.140789 0.140789
-0.293867 -0.293867
0.753305 0.753305
-0.195659 -0.195659
0.328075 0.328075
-0.154698 -0.154698
-0.681663 -0.681663
0.677565 0.677565
-0.46712 -0.46712
0.627306 0.627306
-0.545049 -0.545049
0.0805738 0.0805738
0.712823 0.712823
0.471894 0.471894
0.289955 0.289955
0.272023 0.272023
-0.584427 -0.584427
-0.0320522 -0.0320522
0.0207675 0.0207675
0.512787 0.512787
0.21531 0.21531
-0.406494 -0.406494
0.750374 0.750374
-0.693608 -0.693608
0.465461 0.465461
-0.0879816 -0.0879816
0.1895 0.1895
0.181187 0.181187
0.422141 0.422141
-0.223587 -0.223587
-0.643938 -0.643938
-0.297607 -0.297607
0.467627 0.467627
-0.0263073 -0.0263073
0.0253215 0.0253215
-0.174469 -0.174469
-0.41573 -0.41573
0.102204 0.102204
-0.387082 -0.387082
0.0355265 0.0355265
0.474131 0.474131
-0.763595 -0.763595
-0.494855 -0.494855
-0.421177 -0.421177
-0.285138 -0.285138
0.0278824 0.0278824
-0.561597 -0.561597
-0.737509 -0.737509
0.460393 0.460393
0.193962 0.193962
0.31119 0.31119
0.243142 0.243142
0.56782 0.56782
0.186304 0.186304
0.128982 0.128982
-0.123458 -0.123458
0.621702 0.621702
0.747635 0.747635
0.224396 0.224396
-0.753682 -0.753682
0.372232 0.372232
0.574209 0.574209
0.0951845 0.0951845
-0.421177 -0.421177
0.317932 0.317932
0.272502 0.272502
-0.21532 -0.21532
0.135685 0.135685
-0.576168 -0.576168
0.750374 0.750374
0.467627 0.467627
0.721523 0.721523
0.474131 0.474131
-0.492039 -0.492039
0.328075 0.328075
-0.4769 -0.4769
0.247061 0.247061
0.245451 0.245451
-0.241876 -0.241876
0.621702 0.621702
0.121017 0.121017
-0.0879816 -0.0879816
-0.295597 -0.295597
0.266618 0.266618
-0.117428 -0.117428
0.400598 0.400598
0.577875 0.577875
0.140789 0.140789
0.348325 0.348325
0.753305 0.753305
-0.545049 -0.545049
-0.220098 -0.220098
0.465461 0.465461
0.422141 0.422141
0.471894 0.471894
0.289955 0.289955
0.512787 0.512787
-0.494855 -0.494855
0.21531 0.21531
0.128982 0.128982
-0.753682 -0.753682
-0.406494 -0.406494
-0.223587 -0.223587
0.0951845 0.0951845
0.677565 0.677565
-0.584427 -0.584427
0.186304 0.186304
-0.46712 -0.46712
0.627306 0.627306
0.181187 0.181187
-0.421177 -0.421177
-0.561597 -0.561597
-0.693608 -0.693608
-0.643938 -0.643938
-0.297607 -0.297607
0.0355265 0.0355265
0.747635 0.747635
0.328075 0.328075
0.0253215 0.0253215
0.224396 0.224396
0.372232 0.372232
-0.492039 -0.492039
-0.387082 -0.387082
-0.763595 -0.763595
0.0243273 0.0243273
0.232998 0.232998
-0.41302 -0.41302
-0.686831 -0.686831
0.0783126 0.0783126
0.433061 0.433061
0.473525 0.473525
-0.549251 -0.549251
-0.51738 -0.51738
-0.0881418 -0.0881418
-0.583194 -0.583194
0.229124 0.229124
0.247061 0.247061
0.465461 0.465461
0.422141 0.422141
0.0278824 0.0278824
-0.295597 -0.295597
0.266618 0.266618
-0.545049 -0.545049
-0.220098 -0.220098
-0.4769 -0.4769
0.140789 0.140789
0.753305 0.753305
0.512787 0.512787
0.21531 0.21531
0.460393 0.460393
-0.0879816 -0.0879816
0.128982 0.128982
-0.406494 -0.406494
-0.223587 -0.223587
-0.753682 -0.753682
0.0951845 0.0951845
0.193962 0.193962
0.31119 0.31119
0.677565 0.677565
-0.46712 -0.46712
0.627306 0.627306
0.0253215 0.0253215
0.471894 0.471894
0.289955 0.289955
-0.387082 -0.387082
-0.763595 -0.763595
-0.693608 -0.693608
0.0243273 0.0243273
0.232998 0.232998
0.0355265 0.0355265
0.747635 0.747635
0.372232 0.372232
-0.421177 -0.421177
-0.561597 -0.561597
0.243142 0.243142
-0.123458 -0.123458
-0.421177 -0.421177
0.317932 0.317932
0.272502 0.272502
-0.738918 -0.738918
0.135685 0.135685
-0.576168 -0.576168
-0.41302 -0.41302
-0.686831 -0.686831
0.471894 0.471894
0.289955 0.289955
0.0783126 0.0783126
0.433061 0.433061
-0.549251 -0.549251
-0.51738 -0.51738
-0.0881418 -0.0881418
-0.65721 -0.65721
-0.583194 -0.583194
0.22129 0.22129
0.111938 0.111938
0.372887 0.372887
-0.376059 -0.376059
-0.280268 -0.280268
-0.438163 -0.438163
-0.779513 -0.779513
-0.545049 -0.545049
-0.693608 -0.693608
0.0355265 0.0355265
0.747635 0.747635
0.372232 0.372232
0.512787 0.512787
0.21531 0.21531
-0.406494 -0.406494
-0.223587 -0.223587
0.0278824 0.0278824
0.460393 0.460393
0.193962 0.193962
0.31119 0.31119
0.0253215 0.0253215
-0.387082 -0.387082
-0.763595 -0.763595
0.243142 0.243142
-0.123458 -0.123458
-0.421177 -0.421177
0.317932 0.317932
0.272502 0.272502
0.135685 0.135685
-0.576168 -0.576168
-0.0879816 -0.0879816
-0.421177 -0.421177
-0.561597 -0.561597
-0.123036 -0.123036
0.140934 0.140934
0.715164 0.715164
-0.65721 -0.65721
0.0952239 0.0952239
0.22129 0.22129
0.466574 0.466574
0.422659 0.422659
0.111938 0.111938
0.372887 0.372887
-0.376059 -0.376059
-0.280268 -0.280268
-0.438163 -0.438163
-0.779513 -0.779513
0.565611 0.565611
-0.357707 -0.357707
-0.545049 -0.545049
0.140934 0.140934
0.512787 0.512787
0.21531 0.21531
-0.406494 -0.406494
-0.223587 -0.223587
-0.670466 -0.670466
0.0243159 0.0243159
0.717397 0.717397
0.698264 0.698264
0.102204 0.102204
0.0253215 0.0253215
-0.387082 -0.387082
-0.763595 -0.763595
0.0278824 0.0278824
0.460393 0.460393
0.193962 0.193962
0.31119 0.31119
0.243142 0.243142
0.56782 0.56782
-0.123458 -0.123458
-0.670466 -0.670466
0.0243159 0.0243159
0.717397 0.717397
0.698264 0.698264
-0.0879816 -0.0879816
-0.421177 -0.421177
0.317932 0.317932
0.272502 0.272502
0.135685 0.135685
-0.576168 -0.576168
-0.421177 -0.421177
-0.561597 -0.561597
0.245451 0.245451
-0.241876 -0.241876
0.121017 0.121017
-0.117428 -0.117428
0.400598 0.400598
0.577875 0.577875
0.348325 0.348325
0.0805738 0.0805738
-0.0880532 -0.0880532
0.204229 0.204229
-0.0879816 -0.0879816
-0.421177 -0.421177
-0.561597 -0.561597
0.102204 0.102204
0.0278824 0.0278824
0.460393 0.460393
0.193962 0.193962
0.31119 0.31119
0.243142 0.243142
0.56782 0.56782
-0.123458 -0.123458
-0.421177 -0.421177
0.317932 0.317932
0.272502 0.272502
0.135685 0.135685
-0.576168 -0.576168
0.245451 0.245451
-0.241876 -0.241876
0.121017 0.121017
-0.117428 -0.117428
0.400598 0.400598
0.577875 0.577875
0.348325 0.348325
0.0278824 0.0278824
0.514753 0.514753
0.217144 0.217144
0.0281449 0.0281449
0.460393 0.460393
0.193962 0.193962
0.31119 0.31119
0.243142 0.243142
-0.123458 -0.123458
-0.421177 -0.421177
0.317932 0.317932
0.272502 0.272502
0.135685 0.135685
-0.576168 -0.576168
0.0278824 0.0278824
0.460393 0.460393
0.193962 0.193962
0.31119 0.31119
0.243142 0.243142
-0.123458 -0.123458
-0.421177 -0.421177
0.317932 0.317932
0.272502 0.272502
0.135685 0.135685
-0.576168 -0.576168
-0.323072 -0.323072
0.521671 0.521671
0.731954 0.731954
0.474953 0.474953
-0.692367 -0.692367
-0.640221 -0.640221
-0.157925 -0.157925
0.380633 0.380633
-0.6999 -0.6999
-0.0761695 -0.0761695
-0.269297 -0.269297
0.560206 0.560206
0.70517 0.70517
-0.426585 -0.426585
0.591311 0.591311
-0.472962 -0.472962
-0.551869 -0.551869
-0.446525 -0.446525
-0.580889 -0.580889
0.0546827 0.0546827
0.141362 0.141362
-0.0796843 -0.0796843
0.358431 0.358431
0.112275 0.112275
0.0914615 0.0914615
-0.293172 -0.293172
-0.009069 -0.009069
-0.323072 -0.323072
-0.472962 -0.472962
-0.551869 -0.551869
-0.446525 -0.446525
0.521671 0.521671
-0.580889 -0.580889
0.731954 0.731954
0.474953 0.474953
-0.692367 -0.692367
-0.640221 -0.640221
0.0546827 0.0546827
0.141362 0.141362
-0.0796843 -0.0796843
0.358431 0.358431
-0.157925 -0.157925
0.112275 0.112275
0.380633 0.380633
-0.6999 -0.6999
-0.0761695 -0.0761695
-0.269297 -0.269297
0.560206 0.560206
0.70517 0.70517
-0.426585 -0.426585
0.591311 0.591311
-0.293172 -0.293172
-0.009069 -0.009069
-0.323072 -0.323072
-0.580889 -0.580889
0.521671 0.521671
0.731954 0.731954
0.474953 0.474953
-0.692367 -0.692367
-0.640221 -0.640221
0.0546827 0.0546827
0.141362 0.141362
-0.0796843 -0.0796843
0.358431 0.358431
0.112275 0.112275
-0.157925 -0.157925
0.380633 0.380633
-0.6999 -0.6999
-0.0761695 -0.0761695
-0.269297 -0.269297
0.560206 0.560206
0.70517 0.70517
-0.426585 -0.426585
0.591311 0.591311
0.0914615 0.0914615
-0.293172 -0.293172
-0.009069 -0.009069
-0.472962 -0.472962
-0.551869 -0.551869
-0.446525 -0.446525
-0.323072 -0.323072
0.521671 0.521671
0.731954 0.731954
0.474953 0.474953
-0.692367 -0.692367
-0.640221 -0.640221
-0.157925 -0.157925
0.380633 0.380633
-0.6999 -0.6999
-0.580889 -0.580889
-0.0761695 -0.0761695
-0.269297 -0.269297
0.560206 0.560206
0.70517 0.70517
-0.426585 -0.426585
0.591311 0.591311
0.0546827 0.0546827
0.141362 0.141362
-0.0796843 -0.0796843
0.358431 0.358431
0.112275 0.112275
-0.293172 -0.293172
0.731954 0.731954
0.474953 0.474953
-0.692367 -0.692367
-0.640221 -0.640221
0.380633 0.380633
-0.6999 -0.6999
-0.009069 -0.009069
0.731954 0.731954
0.474953 0.474953
-0.692367 -0.692367
-0.640221 -0.640221
0.380633 0.380633
-0.6999 -0.6999
-0.472962 -0.472962
-0.551869 -0.551869
-0.446525 -0.446525
0.731954 0.731954
0.474953 0.474953
-0.692367 -0.692367
-0.640221 -0.640221
-0.6999 -0.6999
-0.472962 -0.472962
-0.551869 -0.551869
-0.580889 -0.580889
0.0546827 0.0546827
0.358431 0.358431
0.112275 0.112275
-0.269297 -0.269297
0.560206 0.560206
-0.692367 -0.692367
-0.640221 -0.640221
0.731954 0.731954
0.474953 0.474953
-0.6999 -0.6999
-0.472962 -0.472962
-0.551869 -0.551869
-0.580889 -0.580889
0.0546827 0.0546827
0.358431 0.358431
0.112275 0.112275
-0.323072 -0.323072
0.521671 0.521671
0.731954 0.731954
0.474953 0.474953
-0.472962 -0.472962
-0.551869 -0.551869
0.0546827 0.0546827
0.358431 0.358431
0.112275 0.112275
-0.692367 -0.692367
-0.640221 -0.640221
-0.157925 -0.157925
0.380633 0.380633
-0.6999 -0.6999
-0.269297 -0.269297
0.560206 0.560206
0.358431 0.358431
0.112275 0.112275
-0.0796843 -0.0796843
0.0546827 0.0546827
-0.446525 -0.446525
-0.551869 -0.551869
-0.323072 -0.323072
0.521671 0.521671
0.731954 0.731954
0.474953 0.474953
-0.692367 -0.692367
-0.640221 -0.640221
-0.157925 -0.157925
0.380633 0.380633
-0.6999 -0.6999
-0.269297 -0.269297
0.560206 0.560206
-0.472962 -0.472962
-0.551869 -0.551869
-0.580889 -0.580889
0.0546827 0.0546827
-0.0796843 -0.0796843
0.358431 0.358431
0.112275 0.112275
-0.472962 -0.472962
-0.551869 -0.551869
0.731954 0.731954
0.474953 0.474953
-0.692367 -0.692367
-0.640221 -0.640221
-0.580889 -0.580889
0.380633 0.380633
-0.6999 -0.6999
0.0546827 0.0546827
-0.0796843 -0.0796843
0.358431 0.358431
0.112275 0.112275
-0.472962 -0.472962
-0.551869 -0.551869
0.731954 0.731954
0.474953 0.474953
-0.692367 -0.692367
-0.580889 -0.580889
-0.640221 -0.640221
0.0546827 0.0546827
0.358431 0.358431
0.112275 0.112275
0.380633 0.380633
-0.6999 -0.6999
-0.323072 -0.323072
0.521671 0.521671
0.731954 0.731954
0.474953 0.474953
-0.692367 -0.692367
-0.640221 -0.640221
-0.157925 -0.157925
0.380633 0.380633
-0.6999 -0.6999
-0.269297 -0.269297
0.560206 0.560206
-0.472962 -0.472962
-0.551869 -0.551869
-0.580889 -0.580889
0.0546827 0.0546827
0.358431 0.358431
0.112275 0.112275
-0.323072 -0.323072
0.521671 0.521671
0.731954 0.731954
0.474953 0.474953
-0.692367 -0.692367
-0.640221 -0.640221
-0.157925 -0.157925
0.380633 0.380633
-0.6999 -0.6999
-0.269297 -0.269297
0.560206 0.560206
-0.472962 -0.472962
-0.551869 -0.551869
-0.580889 -0.580889
0.0546827 0.0546827
-0.0796843 -0.0796843
0.358431 0.358431
0.112275 0.112275
0.731954 0.731954
0.474953 0.474953
-0.692367 -0.692367
-0.640221 -0.640221
0.380633 0.380633
-0.6999 -0.6999
0.731954 0.731954
0.474953 0.474953
-0.692367 -0.692367
-0.640221 -0.640221
0.380633 0.380633
-0.472962 -0.472962
-0.6999 -0.6999
-0.551869 -0.551869
-0.580889 -0.580889
0.0546827 0.0546827
-0.0796843 -0.0796843
0.358431 0.358431
0.112275 0.112275
-0.472962 -0.472962
-0.551869 -0.551869
-0.580889 -0.580889
0.0546827 0.0546827
0.358431 0.358431
0.112275 0.112275
0.245939 0.245939
-0.472962 -0.472962
-0.551869 -0.551869
0.245939 0.245939
-0.580889 -0.580889
0.0546827 0.0546827
0.358431 0.358431
0.112275 0.112275
-0.289543 -0.289543
-0.240305 -0.240305
0.74085 0.74085
0.214463 0.214463
-0.772187 -0.772187
-0.54014 -0.54014
0.214463 0.214463
-0.111396 -0.111396
-0.570507 -0.570507
-0.597066 -0.597066
-0.400931 -0.400931
0.537096 0.537096
0.757182 0.757182
0.513963 0.513963
0.186312 0.186312
-0.481927 -0.481927
-0.559079 -0.559079
-0.561243 -0.561243
-0.289543 -0.289543
-0.240305 -0.240305
-0.772187 -0.772187
-0.597066 -0.597066
-0.400931 -0.400931
0.537096 0.537096
0.757182 0.757182
0.513963 0.513963
0.186312 0.186312
-0.481927 -0.481927
-0.559079 -0.559079
-0.561243 -0.561243
-0.289543 -0.289543
-0.240305 -0.240305
-0.772187 -0.772187
-0.597066 -0.597066
-0.400931 -0.400931
0.537096 0.537096
0.757182 0.757182
0.513963 0.513963
0.186312 0.186312
-0.54014 -0.54014
-0.481927 -0.481927
-0.559079 -0.559079
-0.561243 -0.561243
-0.289543 -0.289543
-0.240305 -0.240305
-0.772187 -0.772187
-0.597066 -0.597066
-0.400931 -0.400931
0.537096 0.537096
0.757182 0.757182
0.513963 0.513963
0.186312 0.186312
-0.481927 -0.481927
-0.559079 -0.559079
-0.561243 -0.561243
-0.240305 -0.240305
-0.772187 -0.772187
-0.54014 -0.54014
-0.481927 -0.481927
-0.561243 -0.561243
-0.240305 -0.240305
-0.772187 -0.772187
-0.481927 -0.481927
-0.561243 -0.561243
-0.240305 -0.240305
-0.772187 -0.772187
-0.597066 -0.597066
-0.561243 -0.561243
-0.240305 -0.240305
-0.481927 -0.481927
-0.559079 -0.559079
-0.289543 -0.289543
-0.240305 -0.240305
-0.772187 -0.772187
-0.54014 -0.54014
-0.597066 -0.597066
-0.400931 -0.400931
0.537096 0.537096
0.513963 0.513963
-0.289543 -0.289543
-0.240305 -0.240305
-0.772187 -0.772187
-0.597066 -0.597066
-0.400931 -0.400931
0.537096 0.537096
0.513963 0.513963
-0.240305 -0.240305
-0.772187 -0.772187
-0.54014 -0.54014
-0.240305 -0.240305
-0.772187 -0.772187
-0.289543 -0.289543
-0.240305 -0.240305
-0.772187 -0.772187
-0.54014 -0.54014
-0.597066 -0.597066
-0.400931 -0.400931
0.537096 0.537096
0.513963 0.513963
-0.289543 -0.289543
-0.240305 -0.240305
-0.772187 -0.772187
-0.597066 -0.597066
-0.400931 -0.400931
0.537096 0.537096
0.513963 0.513963
-0.240305 -0.240305
-0.772187 -0.772187
-0.54014 -0.54014
-0.240305 -0.240305
-0.772187 -0.772187
-0.244349 -0.244349
-0.669893 -0.669893
-0.479138 -0.479138
0.0445786 0.0445786
0.708696 0.708696
0.429306 0.429306
0.305435 0.305435
-0.344191 -0.344191
-0.653357 -0.653357
-0.654051 -0.654051
0.21524 0.21524
-0.360423 -0.360423
0.192644 0.192644
-0.186204 -0.186204
0.0393639 0.0393639
-0.62831 -0.62831
0.701156 0.701156
0.634276 0.634276
-0.657239 -0.657239
-0.492038 -0.492038
0.519684 0.519684
-0.421842 -0.421842
-0.386241 -0.386241
0.701111 0.701111
-0.603436 -0.603436
-0.640124 -0.640124
0.332778 0.332778
-0.198418 -0.198418
-0.324138 -0.324138
-0.363701 -0.363701
-0.244349 -0.244349
-0.669893 -0.669893
-0.479138 -0.479138
0.0445786 0.0445786
0.708696 0.708696
0.429306 0.429306
0.305435 0.305435
-0.344191 -0.344191
0.21524 0.21524
-0.360423 -0.360423
0.192644 0.192644
-0.186204 -0.186204
0.0393639 0.0393639
-0.62831 -0.62831
0.701156 0.701156
0.634276 0.634276
-0.657239 -0.657239
-0.492038 -0.492038
0.519684 0.519684
-0.421842 -0.421842
-0.386241 -0.386241
0.701111 0.701111
-0.640124 -0.640124
0.332778 0.332778
-0.198418 -0.198418
-0.324138 -0.324138
-0.363701 -0.363701
-0.479138 -0.479138
0.0445786 0.0445786
0.708696 0.708696
0.429306 0.429306
0.305435 0.305435
-0.344191 -0.344191
-0.653357 -0.653357
-0.654051 -0.654051
0.21524 0.21524
-0.360423 -0.360423
0.192644 0.192644
-0.186204 -0.186204
0.0393639 0.0393639
-0.62831 -0.62831
-0.492038 -0.492038
0.519684 0.519684
-0.421842 -0.421842
-0.386241 -0.386241
0.701111 0.701111
-0.603436 -0.603436
-0.640124 -0.640124
0.332778 0.332778
0.701156 0.701156
0.634276 0.634276
-0.198418 -0.198418
-0.324138 -0.324138
-0.363701 -0.363701
-0.657239 -0.657239
-0.244349 -0.244349
-0.669893 -0.669893
-0.479138 -0.479138
0.0445786 0.0445786
0.708696 0.708696
0.429306 0.429306
0.305435 0.305435
-0.344191 -0.344191
0.21524 0.21524
-0.360423 -0.360423
0.192644 0.192644
-0.186204 -0.186204
0.0393639 0.0393639
-0.62831 -0.62831
-0.492038 -0.492038
0.519684 0.519684
-0.421842 -0.421842
-0.386241 -0.386241
0.701111 0.701111
-0.640124 -0.640124
0.332778 0.332778
0.701156 0.701156
0.634276 0.634276
-0.198418 -0.198418
-0.324138 -0.324138
-0.363701 -0.363701
-0.657239 -0.657239
-0.244349 -0.244349
-0.669893 -0.669893
-0.244349 -0.244349
-0.669893 -0.669893
-0.479138 -0.479138
0.0445786 0.0445786
0.708696 0.708696
0.429306 0.429306
0.305435 0.305435
-0.344191 -0.344191
-0.653357 -0.653357
-0.654051 -0.654051
0.21524 0.21524
0.0393639 0.0393639
-0.62831 -0.62831
0.701156 0.701156
0.634276 0.634276
-0.657239 -0.657239
-0.324138 -0.324138
-0.363701 -0.363701
-0.244349 -0.244349
-0.669893 -0.669893
-0.479138 -0.479138
0.0445786 0.0445786
0.708696 0.708696
0.429306 0.429306
0.305435 0.305435
-0.344191 -0.344191
0.21524 0.21524
0.0393639 0.0393639
-0.62831 -0.62831
0.701156 0.701156
0.634276 0.634276
-0.657239 -0.657239
-0.324138 -0.324138
-0.363701 -0.363701
-0.479138 -0.479138
0.0445786 0.0445786
0.708696 0.708696
0.429306 0.429306
0.305435 0.305435
-0.344191 -0.344191
-0.654051 -0.654051
0.21524 0.21524
0.0393639 0.0393639
0.701156 0.701156
0.634276 0.634276
-0.657239 -0.657239
-0.324138 -0.324138
-0.324138 -0.324138
0.305435 0.305435
-0.657239 -0.657239
-0.344191 -0.344191
0.21524 0.21524
-0.669893 -0.669893
0.0445786 0.0445786
-0.198418 -0.198418
-0.421842 -0.421842
-0.492038 -0.492038
-0.363701 -0.363701
-0.479138 -0.479138
-0.244349 -0.244349
-0.669893 -0.669893
-0.479138 -0.479138
0.0445786 0.0445786
0.708696 0.708696
0.429306 0.429306
0.305435 0.305435
-0.344191 -0.344191
-0.653357 -0.653357
-0.654051 -0.654051
0.21524 0.21524
0.192644 0.192644
-0.186204 -0.186204
0.0393639 0.0393639
-0.62831 -0.62831
0.701156 0.701156
0.634276 0.634276
-0.657239 -0.657239
-0.492038 -0.492038
-0.386241 -0.386241
0.701111 0.701111
-0.640124 -0.640124
0.332778 0.332778
-0.198418 -0.198418
-0.244349 -0.244349
-0.669893 -0.669893
-0.479138 -0.479138
0.0445786 0.0445786
0.708696 0.708696
0.429306 0.429306
0.305435 0.305435
-0.344191 -0.344191
0.21524 0.21524
0.192644 0.192644
-0.186204 -0.186204
0.0393639 0.0393639
-0.62831 -0.62831
0.701156 0.701156
0.634276 0.634276
-0.657239 -0.657239
-0.492038 -0.492038
-0.386241 -0.386241
0.701111 0.701111
-0.640124 -0.640124
0.332778 0.332778
-0.198418 -0.198418
-0.244349 -0.244349
-0.669893 -0.669893
-0.479138 -0.479138
0.0445786 0.0445786
0.708696 0.708696
0.429306 0.429306
0.305435 0.305435
-0.344191 -0.344191
-0.653357 -0.653357
-0.654051 -0.654051
0.21524 0.21524
0.0393639 0.0393639
-0.62831 -0.62831
0.701156 0.701156
0.634276 0.634276
-0.657239 -0.657239
-0.244349 -0.244349
-0.669893 -0.669893
-0.479138 -0.479138
0.0445786 0.0445786
0.708696 0.708696
0.429306 0.429306
0.305435 0.305435
-0.344191 -0.344191
0.21524 0.21524
0.0393639 0.0393639
-0.62831 -0.62831
0.701156 0.701156
0.634276 0.634276
-0.657239 -0.657239
-0.244349 -0.244349
-0.669893 -0.669893
-0.479138 -0.479138
0.0445786 0.0445786
0.708696 0.708696
0.429306 0.429306
0.305435 0.305435
-0.344191 -0.344191
-0.653357 -0.653357
-0.654051 -0.654051
0.21524 0.21524
0.192644 0.192644
-0.186204 -0.186204
0.0393639 0.0393639
-0.62831 -0.62831
0.701156 0.701156
0.634276 0.634276
-0.657239 -0.657239
-0.492038 -0.492038
-0.386241 -0.386241
0.701111 0.701111
-0.640124 -0.640124
0.332778 0.332778
-0.198418 -0.198418
-0.244349 -0.244349
-0.669893 -0.669893
-0.479138 -0.479138
0.0445786 0.0445786
0.708696 0.708696
0.429306 0.429306
0.305435 0.305435
-0.344191 -0.344191
0.21524 0.21524
0.192644 0.192644
-0.186204 -0.186204
0.0393639 0.0393639
-0.62831 -0.62831
0.701156 0.701156
0.634276 0.634276
-0.657239 -0.657239
-0.492038 -0.492038
-0.386241 -0.386241
0.701111 0.701111
-0.640124 -0.640124
0.332778 0.332778
-0.198418 -0.198418
-0.244349 -0.244349
-0.669893 -0.669893
-0.479138 -0.479138
0.0445786 0.0445786
0.708696 0.708696
0.429306 0.429306
0.305435 0.305435
-0.344191 -0.344191
-0.653357 -0.653357
-0.654051 -0.654051
0.21524 0.21524
0.0393639 0.0393639
-0.62831 -0.62831
0.701156 0.701156
0.634276 0.634276
-0.657239 -0.657239
-0.244349 -0.244349
-0.669893 -0.669893
-0.479138 -0.479138
0.0445786 0.0445786
0.708696 0.708696
0.429306 0.429306
0.305435 0.305435
-0.344191 -0.344191
0.21524 0.21524
0.0393639 0.0393639
-0.62831 -0.62831
0.701156 0.701156
0.634276 0.634276
-0.657239 -0.657239
-0.654051 -0.654051
-0.654051 -0.654051
-0.668629 -0.668629
-0.652733 -0.652733
0.414698 0.414698
-0.613552 -0.613552
0.524169 0.524169
0.706445 0.706445
-0.214344 -0.214344
-0.215444 -0.215444
-0.442362 -0.442362
-0.674292 -0.674292
-0.613552 -0.613552
0.524169 0.524169
0.706445 0.706445
-0.214344 -0.214344
-0.215444 -0.215444
-0.442362 -0.442362
-0.674292 -0.674292
0.524169 0.524169
0.706445 0.706445
-0.214344 -0.214344
-0.215444 -0.215444
-0.442362 -0.442362
-0.674292 -0.674292
-0.613552 -0.613552
0.524169 0.524169
0.706445 0.706445
-0.214344 -0.214344
-0.215444 -0.215444
-0.442362 -0.442362
-0.674292 -0.674292
-0.613552 -0.613552
-0.613552 -0.613552
0.524169 0.524169
0.706445 0.706445
-0.214344 -0.214344
-0.215444 -0.215444
-0.613552 -0.613552
0.524169 0.524169
0.706445 0.706445
-0.214344 -0.214344
-0.215444 -0.215444
0.524169 0.524169
0.706445 0.706445
-0.214344 -0.214344
-0.215444 -0.215444
-0.215444 -0.215444
-0.214344 -0.214344
0.524169 0.524169
0.706445 0.706445
-0.613552 -0.613552
0.524169 0.524169
0.706445 0.706445
-0.214344 -0.214344
-0.215444 -0.215444
-0.674292 -0.674292
-0.613552 -0.613552
0.524169 0.524169
0.706445 0.706445
-0.214344 -0.214344
-0.215444 -0.215444
-0.674292 -0.674292
-0.613552 -0.613552
0.524169 0.524169
0.706445 0.706445
-0.214344 -0.214344
-0.215444 -0.215444
-0.613552 -0.613552
0.524169 0.524169
0.706445 0.706445
-0.214344 -0.214344
-0.215444 -0.215444
-0.613552 -0.613552
0.524169 0.524169
0.706445 0.706445
-0.214344 -0.214344
-0.215444 -0.215444
-0.674292 -0.674292
-0.613552 -0.613552
0.524169 0.524169
0.706445 0.706445
-0.214344 -0.214344
-0.215444 -0.215444
-0.674292 -0.674292
-0.613552 -0.613552
0.524169 0.524169
0.706445 0.706445
-0.214344 -0.214344
-0.215444 -0.215444
-0.613552 -0.613552
0.524169 0.524169
0.706445 0.706445
-0.214344 -0.214344
-0.215444 -0.215444
-0.21532 -0.21532
