-0.487613 -0.487613
0.127534 0.127534
0.33818 0.33818
0.309039 0.309039
-0.603425 -0.603425
-0.196692 -0.196692
0.146271 0.146271
-0.362395 -0.362395
-0.389338 -0.389338
-0.071618 -0.071618
-0.0685199 -0.0685199
0.02136 0.02136
-0.218674 -0.218674
0.707233 0.707233
-0.21536 -0.21536
-0.147799 -0.147799
-0.197326 -0.197326
-0.292674 -0.292674
-0.0760652 -0.0760652
-0.590479 -0.590479
-0.0351788 -0.0351788
0.198669 0.198669
0.50528 0.50528
0.603525 0.603525
-0.466748 -0.466748
0.476755 0.476755
-0.743397 -0.743397
-0.551872 -0.551872
-0.497376 -0.497376
0.419187 0.419187
-0.161584 -0.161584
-0.0701411 -0.0701411
0.654627 0.654627
0.366927 0.366927
-0.389411 -0.389411
0.457453 0.457453
0.311256 0.311256
-0.527857 -0.527857
0.313258 0.313258
0.11545 0.11545
-0.31688 -0.31688
-0.432583 -0.432583
0.332885 0.332885
0.105328 0.105328
0.107526 0.107526
0.24007 0.24007
0.0815886 0.0815886
-0.0305865 -0.0305865
0.401217 0.401217
0.419179 0.419179
-0.783139 -0.783139
-0.00959856 -0.00959856
0.302545 0.302545
-0.170606 -0.170606
0.59844 0.59844
0.439428 0.439428
-0.476623 -0.476623
0.392443 0.392443
-0.126872 -0.126872
-0.492052 -0.492052
0.0937576 0.0937576
0.361332 0.361332
0.371221 0.371221
0.702969 0.702969
-0.1883 -0.1883
0.279747 0.279747
0.0878699 0.0878699
0.510307 0.510307
0.219956 0.219956
-0.522427 -0.522427
0.383443 0.383443
0.307826 0.307826
-0.196692 -0.196692
-0.107315 -0.107315
0.0271076 0.0271076
0.28824 0.28824
0.712826 0.712826
0.697406 0.697406
0.0951805 0.0951805
0.155953 0.155953
-0.0364235 -0.0364235
-0.411048 -0.411048
-0.394152 -0.394152
0.0648113 0.0648113
-0.0907995 -0.0907995
0.146271 0.146271
-0.603425 -0.603425
0.50528 0.50528
-0.215885 -0.215885
0.603525 0.603525
-0.157921 -0.157921
-0.677116 -0.677116
-0.42586 -0.42586
-0.454389 -0.454389
-0.362395 -0.362395
0.450769 0.450769
-0.389338 -0.389338
0.669551 0.669551
-0.0605383 -0.0605383
-0.071618 -0.071618
-0.0685199 -0.0685199
-0.466748 -0.466748
0.02136 0.02136
-0.726129 -0.726129
0.294703 0.294703
0.529122 0.529122
-0.275118 -0.275118
-0.630501 -0.630501
0.19106 0.19106
0.61416 0.61416
0.707233 0.707233
-0.218674 -0.218674
-0.147799 -0.147799
-0.21536 -0.21536
-0.197326 -0.197326
-0.0760652 -0.0760652
-0.026316 -0.026316
-0.633794 -0.633794
0.505517 0.505517
-0.73926 -0.73926
0.476755 0.476755
-0.684426 -0.684426
-0.618861 -0.618861
-0.551872 -0.551872
-0.0178718 -0.0178718
0.58503 0.58503
-0.583192 -0.583192
0.404065 0.404065
-0.4563 -0.4563
-0.292674 -0.292674
-0.743397 -0.743397
0.354159 0.354159
-0.497376 -0.497376
-0.426923 -0.426923
0.419187 0.419187
-0.80592 -0.80592
-0.161584 -0.161584
-0.0351788 -0.0351788
-0.4659 -0.4659
0.198669 0.198669
-0.133168 -0.133168
-0.103409 -0.103409
0.3765 0.3765
-0.632711 -0.632711
-0.196692 -0.196692
0.249582 0.249582
-0.104591 -0.104591
-0.780393 -0.780393
-0.487613 -0.487613
0.366927 0.366927
0.435753 0.435753
0.33818 0.33818
0.250088 0.250088
-0.40094 -0.40094
-0.389411 -0.389411
0.0151121 0.0151121
0.72812 0.72812
0.386136 0.386136
0.451314 0.451314
0.457453 0.457453
-0.112588 -0.112588
0.576524 0.576524
0.311256 0.311256
-0.757508 -0.757508
-0.2288 -0.2288
-0.448583 -0.448583
0.638006 0.638006
0.543234 0.543234
0.50528 0.50528
0.603525 0.603525
0.233325 0.233325
0.652076 0.652076
0.403878 0.403878
-0.362395 -0.362395
-0.071618 -0.071618
0.309039 0.309039
-0.0685199 -0.0685199
-0.389338 -0.389338
0.02136 0.02136
-0.218674 -0.218674
-0.21536 -0.21536
0.146271 0.146271
-0.197326 -0.197326
-0.0760652 -0.0760652
-0.636497 -0.636497
-0.466748 -0.466748
0.654627 0.654627
0.707233 0.707233
-0.147799 -0.147799
-0.292674 -0.292674
0.476755 0.476755
-0.551872 -0.551872
-0.0701411 -0.0701411
-0.0351788 -0.0351788
0.155953 0.155953
-0.0364235 -0.0364235
-0.743397 -0.743397
-0.411048 -0.411048
0.198669 0.198669
-0.497376 -0.497376
-0.394152 -0.394152
0.419187 0.419187
-0.161584 -0.161584
0.0648113 0.0648113
0.127534 0.127534
-0.0907995 -0.0907995
0.307826 0.307826
0.0271076 0.0271076
0.0937576 0.0937576
-0.107315 -0.107315
-0.026316 -0.026316
0.28824 0.28824
-0.4563 -0.4563
0.361332 0.361332
0.702969 0.702969
-0.1883 -0.1883
0.279747 0.279747
0.0878699 0.0878699
0.712826 0.712826
0.697406 0.697406
-0.527857 -0.527857
0.0951805 0.0951805
0.366927 0.366927
-0.215885 -0.215885
0.313258 0.313258
0.105328 0.105328
-0.31688 -0.31688
-0.389411 -0.389411
0.457453 0.457453
-0.783139 -0.783139
-0.00959856 -0.00959856
0.302545 0.302545
0.59844 0.59844
0.439428 0.439428
-0.476623 -0.476623
0.107526 0.107526
0.311256 0.311256
0.510307 0.510307
-0.522427 -0.522427
0.24007 0.24007
-0.590479 -0.590479
-0.0305865 -0.0305865
-0.104591 -0.104591
-0.633794 -0.633794
0.505517 0.505517
-0.73926 -0.73926
0.250088 0.250088
-0.157921 -0.157921
-0.684426 -0.684426
0.72812 0.72812
-0.618861 -0.618861
-0.677116 -0.677116
0.294703 0.294703
-0.4659 -0.4659
-0.42586 -0.42586
-0.454389 -0.454389
0.450769 0.450769
-0.726129 -0.726129
0.529122 0.529122
-0.275118 -0.275118
-0.630501 -0.630501
0.61416 0.61416
-0.0178718 -0.0178718
0.58503 0.58503
-0.583192 -0.583192
0.404065 0.404065
0.669551 0.669551
0.652076 0.652076
0.403878 0.403878
-0.40094 -0.40094
0.249582 0.249582
0.11545 0.11545
-0.432583 -0.432583
0.332885 0.332885
0.0815886 0.0815886
0.401217 0.401217
0.654627 0.654627
0.419179 0.419179
-0.170606 -0.170606
0.392443 0.392443
-0.126872 -0.126872
0.105328 0.105328
-0.492052 -0.492052
-0.527857 -0.527857
0.107526 0.107526
0.313258 0.313258
0.24007 0.24007
0.371221 0.371221
-0.31688 -0.31688
-0.0305865 -0.0305865
-0.783139 -0.783139
-0.00959856 -0.00959856
0.302545 0.302545
0.59844 0.59844
0.439428 0.439428
-0.476623 -0.476623
0.219956 0.219956
0.383443 0.383443
-0.426923 -0.426923
-0.80592 -0.80592
-0.780393 -0.780393
0.0151121 0.0151121
0.451314 0.451314
-0.112588 -0.112588
-0.757508 -0.757508
-0.448583 -0.448583
0.307826 0.307826
-0.107315 -0.107315
0.50528 0.50528
0.603525 0.603525
-0.026316 -0.026316
-0.4659 -0.4659
0.0937576 0.0937576
0.669551 0.669551
-0.4563 -0.4563
-0.362395 -0.362395
-0.071618 -0.071618
-0.133168 -0.133168
0.361332 0.361332
-0.0685199 -0.0685199
-0.103409 -0.103409
0.02136 0.02136
0.702969 0.702969
-0.633794 -0.633794
-0.389338 -0.389338
0.3765 0.3765
0.0271076 0.0271076
-0.196692 -0.196692
-0.632711 -0.632711
0.28824 0.28824
0.435753 0.435753
0.712826 0.712826
0.386136 0.386136
0.505517 0.505517
-0.1883 -0.1883
-0.73926 -0.73926
0.279747 0.279747
0.576524 0.576524
-0.2288 -0.2288
0.0878699 0.0878699
0.638006 0.638006
0.543234 0.543234
0.707233 0.707233
-0.147799 -0.147799
-0.684426 -0.684426
-0.618861 -0.618861
0.697406 0.697406
-0.292674 -0.292674
0.0951805 0.0951805
0.476755 0.476755
-0.551872 -0.551872
-0.466748 -0.466748
-0.636497 -0.636497
0.510307 0.510307
-0.522427 -0.522427
-0.104591 -0.104591
0.250088 0.250088
-0.157921 -0.157921
0.72812 0.72812
-0.677116 -0.677116
0.146271 0.146271
-0.0605383 -0.0605383
0.294703 0.294703
-0.215885 -0.215885
-0.218674 -0.218674
-0.21536 -0.21536
-0.197326 -0.197326
-0.0760652 -0.0760652
-0.42586 -0.42586
-0.454389 -0.454389
0.450769 0.450769
-0.40094 -0.40094
0.155953 0.155953
-0.0364235 -0.0364235
0.19106 0.19106
-0.411048 -0.411048
0.11545 0.11545
-0.743397 -0.743397
-0.394152 -0.394152
-0.497376 -0.497376
0.0648113 0.0648113
-0.432583 -0.432583
0.419187 0.419187
-0.0907995 -0.0907995
0.332885 0.332885
-0.161584 -0.161584
0.0815886 0.0815886
0.401217 0.401217
0.419179 0.419179
-0.170606 -0.170606
0.392443 0.392443
-0.0351788 -0.0351788
0.198669 0.198669
-0.126872 -0.126872
-0.492052 -0.492052
0.371221 0.371221
-0.0178718 -0.0178718
0.58503 0.58503
-0.583192 -0.583192
-0.603425 -0.603425
0.366927 0.366927
-0.389411 -0.389411
0.354159 0.354159
0.457453 0.457453
-0.426923 -0.426923
-0.80592 -0.80592
-0.780393 -0.780393
0.0151121 0.0151121
0.451314 0.451314
-0.112588 -0.112588
-0.757508 -0.757508
-0.448583 -0.448583
0.311256 0.311256
-0.726129 -0.726129
0.529122 0.529122
-0.275118 -0.275118
-0.630501 -0.630501
0.61416 0.61416
0.404065 0.404065
0.652076 0.652076
0.403878 0.403878
-0.133168 -0.133168
-0.103409 -0.103409
0.3765 0.3765
-0.632711 -0.632711
0.50528 0.50528
0.603525 0.603525
0.435753 0.435753
0.386136 0.386136
0.576524 0.576524
-0.2288 -0.2288
0.638006 0.638006
0.543234 0.543234
-0.071618 -0.071618
-0.0685199 -0.0685199
0.02136 0.02136
-0.147799 -0.147799
0.219956 0.219956
0.654627 0.654627
0.383443 0.383443
0.33818 0.33818
0.50528 0.50528
0.249582 0.249582
-0.362395 -0.362395
0.603525 0.603525
0.233325 0.233325
0.105328 0.105328
-0.071618 -0.071618
-0.0685199 -0.0685199
0.02136 0.02136
-0.487613 -0.487613
0.107526 0.107526
-0.636497 -0.636497
-0.147799 -0.147799
0.24007 0.24007
-0.0305865 -0.0305865
-0.527857 -0.527857
0.313258 0.313258
-0.31688 -0.31688
-0.783139 -0.783139
-0.00959856 -0.00959856
0.302545 0.302545
0.59844 0.59844
0.439428 0.439428
-0.476623 -0.476623
-0.218674 -0.218674
-0.197326 -0.197326
-0.0760652 -0.0760652
0.669551 0.669551
-0.743397 -0.743397
-0.362395 -0.362395
-0.071618 -0.071618
-0.0685199 -0.0685199
0.307826 0.307826
0.02136 0.02136
-0.107315 -0.107315
-0.147799 -0.147799
-0.4659 -0.4659
-0.026316 -0.026316
0.50528 0.50528
-0.4563 -0.4563
-0.218674 -0.218674
0.603525 0.603525
-0.197326 -0.197326
0.0937576 0.0937576
-0.0760652 -0.0760652
0.361332 0.361332
0.702969 0.702969
-0.1883 -0.1883
-0.633794 -0.633794
0.505517 0.505517
-0.73926 -0.73926
-0.743397 -0.743397
-0.684426 -0.684426
0.279747 0.279747
-0.618861 -0.618861
-0.362395 -0.362395
0.0878699 0.0878699
0.510307 0.510307
0.0271076 0.0271076
0.28824 0.28824
-0.522427 -0.522427
0.712826 0.712826
0.697406 0.697406
0.309039 0.309039
-0.071618 -0.071618
-0.104591 -0.104591
0.0951805 0.0951805
0.02136 0.02136
0.250088 0.250088
-0.0685199 -0.0685199
0.50528 0.50528
0.603525 0.603525
-0.292674 -0.292674
0.72812 0.72812
-0.215885 -0.215885
-0.218674 -0.218674
-0.0760652 -0.0760652
-0.42586 -0.42586
-0.454389 -0.454389
0.450769 0.450769
-0.157921 -0.157921
-0.743397 -0.743397
-0.362395 -0.362395
-0.677116 -0.677116
-0.0351788 -0.0351788
0.127534 0.127534
-0.603425 -0.603425
0.294703 0.294703
-0.071618 -0.071618
-0.0685199 -0.0685199
0.02136 0.02136
0.707233 0.707233
-0.590479 -0.590479
-0.603425 -0.603425
-0.0760652 -0.0760652
-0.0351788 -0.0351788
-0.743397 -0.743397
-0.218674 -0.218674
-0.197326 -0.197326
-0.21536 -0.21536
0.155953 0.155953
0.603525 0.603525
-0.0364235 -0.0364235
-0.411048 -0.411048
-0.394152 -0.394152
0.0648113 0.0648113
-0.0907995 -0.0907995
-0.071618 -0.071618
-0.0685199 -0.0685199
0.02136 0.02136
-0.40094 -0.40094
0.707233 0.707233
-0.218674 -0.218674
-0.197326 -0.197326
-0.0760652 -0.0760652
-0.362395 -0.362395
-0.389338 -0.389338
-0.603425 -0.603425
-0.0178718 -0.0178718
-0.196692 -0.196692
0.11545 0.11545
-0.432583 -0.432583
0.332885 0.332885
0.58503 0.58503
-0.583192 -0.583192
0.0815886 0.0815886
0.401217 0.401217
0.419179 0.419179
0.603525 0.603525
-0.170606 -0.170606
0.392443 0.392443
0.476755 0.476755
-0.726129 -0.726129
0.529122 0.529122
0.146271 0.146271
-0.275118 -0.275118
-0.071618 -0.071618
-0.630501 -0.630501
-0.0685199 -0.0685199
0.61416 0.61416
0.02136 0.02136
-0.743397 -0.743397
-0.126872 -0.126872
0.652076 0.652076
0.403878 0.403878
-0.492052 -0.492052
0.371221 0.371221
-0.426923 -0.426923
-0.80592 -0.80592
-0.780393 -0.780393
-0.218674 -0.218674
0.0151121 0.0151121
-0.197326 -0.197326
0.451314 0.451314
-0.112588 -0.112588
-0.757508 -0.757508
-0.448583 -0.448583
-0.0760652 -0.0760652
-0.071618 -0.071618
-0.0685199 -0.0685199
0.02136 0.02136
0.404065 0.404065
-0.743397 -0.743397
0.107526 0.107526
-0.0305865 -0.0305865
-0.196692 -0.196692
-0.362395 -0.362395
-0.389338 -0.389338
0.33818 0.33818
0.146271 0.146271
0.603525 0.603525
0.33818 0.33818
0.476755 0.476755
-0.133168 -0.133168
-0.103409 -0.103409
0.3765 0.3765
-0.218674 -0.218674
0.307826 0.307826
-0.0351788 -0.0351788
-0.632711 -0.632711
-0.197326 -0.197326
-0.0760652 -0.0760652
0.198669 0.198669
0.435753 0.435753
0.386136 0.386136
0.576524 0.576524
-0.2288 -0.2288
0.638006 0.638006
0.543234 0.543234
-0.071618 -0.071618
0.603525 0.603525
-0.0685199 -0.0685199
0.02136 0.02136
-0.31688 -0.31688
-0.743397 -0.743397
-0.783139 -0.783139
-0.00959856 -0.00959856
0.302545 0.302545
0.439428 0.439428
0.33818 0.33818
0.707233 0.707233
-0.590479 -0.590479
0.219956 0.219956
-0.487613 -0.487613
0.383443 0.383443
0.249582 0.249582
0.510307 0.510307
-0.522427 -0.522427
-0.362395 -0.362395
-0.218674 -0.218674
-0.487613 -0.487613
-0.197326 -0.197326
-0.0760652 -0.0760652
-0.0351788 -0.0351788
-0.603425 -0.603425
0.198669 0.198669
0.107526 0.107526
-0.071618 -0.071618
-0.0685199 -0.0685199
-0.0305865 -0.0305865
0.02136 0.02136
0.707233 0.707233
-0.636497 -0.636497
0.361332 0.361332
-0.362395 -0.362395
0.0878699 0.0878699
-0.743397 -0.743397
-0.31688 -0.31688
-0.783139 -0.783139
0.307826 0.307826
-0.00959856 -0.00959856
0.58503 0.58503
-0.583192 -0.583192
0.603525 0.603525
0.0271076 0.0271076
0.302545 0.302545
0.28824 0.28824
0.439428 0.439428
0.0951805 0.0951805
-0.487613 -0.487613
-0.0351788 -0.0351788
0.33818 0.33818
0.510307 0.510307
0.107526 0.107526
-0.522427 -0.522427
-0.0305865 -0.0305865
-0.218674 -0.218674
-0.071618 -0.071618
-0.0685199 -0.0685199
-0.197326 -0.197326
-0.196692 -0.196692
0.02136 0.02136
-0.0760652 -0.0760652
-0.362395 -0.362395
0.146271 0.146271
-0.389338 -0.389338
0.476755 0.476755
0.309039 0.309039
0.654627 0.654627
0.307826 0.307826
0.603525 0.603525
-0.743397 -0.743397
-0.31688 -0.31688
-0.783139 -0.783139
-0.00959856 -0.00959856
0.302545 0.302545
0.439428 0.439428
0.510307 0.510307
-0.522427 -0.522427
-0.071618 -0.071618
0.361332 0.361332
0.0878699 0.0878699
-0.0685199 -0.0685199
0.58503 0.58503
0.02136 0.02136
-0.583192 -0.583192
-0.0351788 -0.0351788
-0.603425 -0.603425
-0.362395 -0.362395
-0.389338 -0.389338
-0.196692 -0.196692
0.11545 0.11545
0.146271 0.146271
0.476755 0.476755
0.0271076 0.0271076
-0.432583 -0.432583
0.28824 0.28824
-0.170606 -0.170606
0.0951805 0.0951805
-0.218674 -0.218674
-0.197326 -0.197326
-0.0760652 -0.0760652
-0.0305865 -0.0305865
0.127534 0.127534
-0.362395 -0.362395
0.302545 0.302545
0.107526 0.107526
-0.743397 -0.743397
0.603525 0.603525
-0.0351788 -0.0351788
0.361332 0.361332
0.59844 0.59844
0.654627 0.654627
0.198669 0.198669
-0.783139 -0.783139
-0.00959856 -0.00959856
-0.31688 -0.31688
-0.0364235 -0.0364235
-0.218674 -0.218674
-0.197326 -0.197326
-0.0760652 -0.0760652
0.28824 0.28824
0.0951805 0.0951805
0.603525 0.603525
0.11545 0.11545
-0.432583 -0.432583
-0.170606 -0.170606
-0.603425 -0.603425
-0.743397 -0.743397
-0.362395 -0.362395
0.33818 0.33818
-0.126872 -0.126872
-0.492052 -0.492052
0.371221 0.371221
0.219956 0.219956
0.383443 0.383443
0.543234 0.543234
-0.487613 -0.487613
-0.632691 -0.632691
-0.0351788 -0.0351788
0.198669 0.198669
-0.218674 -0.218674
-0.197326 -0.197326
-0.0760652 -0.0760652
-0.743397 -0.743397
-0.026316 -0.026316
-0.632691 -0.632691
0.11545 0.11545
-0.432583 -0.432583
-0.170606 -0.170606
0.28824 0.28824
0.0271076 0.0271076
-0.42586 -0.42586
-0.13274 -0.13274
-0.0696679 -0.0696679
-0.527857 -0.527857
0.313258 0.313258
-0.0351788 -0.0351788
-0.783139 -0.783139
-0.00959856 -0.00959856
0.302545 0.302545
0.107526 0.107526
0.59844 0.59844
-0.603425 -0.603425
0.24007 0.24007
0.439428 0.439428
-0.476623 -0.476623
-0.0305865 -0.0305865
0.510307 0.510307
-0.522427 -0.522427
-0.0351788 -0.0351788
-0.0364235 -0.0364235
0.669551 0.669551
-0.126872 -0.126872
0.307826 0.307826
-0.492052 -0.492052
0.371221 0.371221
0.219956 0.219956
0.383443 0.383443
0.361332 0.361332
-0.4659 -0.4659
-0.1883 -0.1883
0.11545 0.11545
0.279747 0.279747
-0.432583 -0.432583
0.543234 0.543234
-0.633794 -0.633794
-0.684426 -0.684426
-0.40094 -0.40094
-0.104591 -0.104591
0.72812 0.72812
0.33818 0.33818
0.294703 0.294703
0.239856 0.239856
-0.0729212 -0.0729212
0.0271076 0.0271076
0.28824 0.28824
0.697406 0.697406
0.0951805 0.0951805
-0.603425 -0.603425
0.107526 0.107526
0.24007 0.24007
-0.0305865 -0.0305865
-0.0364235 -0.0364235
-0.527857 -0.527857
0.313258 0.313258
-0.783139 -0.783139
-0.00959856 -0.00959856
0.302545 0.302545
0.59844 0.59844
0.439428 0.439428
-0.476623 -0.476623
-0.487613 -0.487613
0.307826 0.307826
0.510307 0.510307
-0.522427 -0.522427
0.669551 0.669551
-0.126872 -0.126872
-0.633794 -0.633794
-0.4659 -0.4659
-0.40094 -0.40094
-0.684426 -0.684426
-0.492052 -0.492052
0.361332 0.361332
0.371221 0.371221
0.11545 0.11545
0.219956 0.219956
0.383443 0.383443
-0.432583 -0.432583
-0.1883 -0.1883
0.332885 0.332885
0.392443 0.392443
0.654627 0.654627
0.543234 0.543234
0.279747 0.279747
0.33818 0.33818
0.354159 0.354159
-0.783139 -0.783139
-0.00959856 -0.00959856
-0.104591 -0.104591
0.0271076 0.0271076
0.294703 0.294703
0.302545 0.302545
0.307826 0.307826
0.72812 0.72812
0.439428 0.439428
0.28824 0.28824
-0.426923 -0.426923
0.697406 0.697406
-0.780393 -0.780393
0.107526 0.107526
0.0151121 0.0151121
0.510307 0.510307
0.0951805 0.0951805
-0.0305865 -0.0305865
-0.522427 -0.522427
-0.448583 -0.448583
0.233325 0.233325
-0.603425 -0.603425
-0.487613 -0.487613
0.33818 0.33818
-0.783139 -0.783139
-0.00959856 -0.00959856
0.302545 0.302545
0.439428 0.439428
0.510307 0.510307
-0.522427 -0.522427
0.361332 0.361332
0.307826 0.307826
0.543234 0.543234
0.654627 0.654627
-0.411048 -0.411048
0.0648113 0.0648113
-0.0907995 -0.0907995
-0.487613 -0.487613
0.33818 0.33818
-0.603425 -0.603425
-0.726129 -0.726129
-0.126872 -0.126872
-0.492052 -0.492052
-0.133168 -0.133168
0.361332 0.361332
0.11545 0.11545
-0.432583 -0.432583
0.332885 0.332885
0.127534 0.127534
0.307826 0.307826
0.576524 0.576524
0.107526 0.107526
0.392443 0.392443
-0.0305865 -0.0305865
-0.527857 -0.527857
-0.633794 -0.633794
0.313258 0.313258
-0.684426 -0.684426
-0.783139 -0.783139
-0.00959856 -0.00959856
0.302545 0.302545
0.59844 0.59844
0.439428 0.439428
-0.476623 -0.476623
0.0271076 0.0271076
0.28824 0.28824
0.0951805 0.0951805
-0.426923 -0.426923
-0.780393 -0.780393
-0.487613 -0.487613
0.510307 0.510307
0.0151121 0.0151121
-0.522427 -0.522427
0.127534 0.127534
-0.448583 -0.448583
0.33818 0.33818
-0.603425 -0.603425
0.361332 0.361332
-0.1883 -0.1883
0.279747 0.279747
0.294703 0.294703
0.0271076 0.0271076
0.11545 0.11545
-0.126872 -0.126872
-0.4659 -0.4659
-0.492052 -0.492052
-0.411048 -0.411048
0.28824 0.28824
-0.40094 -0.40094
0.371221 0.371221
0.307826 0.307826
0.219956 0.219956
0.107526 0.107526
-0.432583 -0.432583
0.0648113 0.0648113
0.0951805 0.0951805
-0.0907995 -0.0907995
0.24007 0.24007
0.383443 0.383443
-0.0305865 -0.0305865
-0.487613 -0.487613
0.669551 0.669551
-0.633794 -0.633794
-0.726129 -0.726129
-0.684426 -0.684426
0.3765 0.3765
0.386136 0.386136
-0.2288 -0.2288
-0.527857 -0.527857
0.313258 0.313258
-0.783139 -0.783139
-0.00959856 -0.00959856
0.302545 0.302545
0.59844 0.59844
0.439428 0.439428
-0.476623 -0.476623
0.361332 0.361332
-0.1883 -0.1883
0.279747 0.279747
0.510307 0.510307
-0.522427 -0.522427
0.294703 0.294703
-0.104591 -0.104591
0.72812 0.72812
0.33818 0.33818
0.11545 0.11545
-0.4659 -0.4659
0.127534 0.127534
0.0271076 0.0271076
-0.487613 -0.487613
-0.40094 -0.40094
-0.432583 -0.432583
-0.126872 -0.126872
0.307826 0.307826
0.28824 0.28824
0.697406 0.697406
0.107526 0.107526
0.0951805 0.0951805
0.24007 0.24007
-0.0305865 -0.0305865
-0.492052 -0.492052
0.371221 0.371221
0.219956 0.219956
0.383443 0.383443
0.33818 0.33818
0.669551 0.669551
0.361332 0.361332
-0.783139 -0.783139
-0.00959856 -0.00959856
0.307826 0.307826
0.3765 0.3765
0.386136 0.386136
0.302545 0.302545
0.439428 0.439428
-0.2288 -0.2288
-0.487613 -0.487613
0.107526 0.107526
-0.0305865 -0.0305865
0.510307 0.510307
-0.104591 -0.104591
-0.522427 -0.522427
0.72812 0.72812
0.0271076 0.0271076
0.28824 0.28824
0.361332 0.361332
0.11545 0.11545
0.697406 0.697406
0.0951805 0.0951805
-0.432583 -0.432583
0.332885 0.332885
0.392443 0.392443
0.354159 0.354159
-0.426923 -0.426923
-0.780393 -0.780393
0.0151121 0.0151121
-0.448583 -0.448583
0.233325 0.233325
-0.783139 -0.783139
-0.00959856 -0.00959856
0.302545 0.302545
0.439428 0.439428
0.107526 0.107526
-0.0305865 -0.0305865
0.510307 0.510307
-0.522427 -0.522427
0.11545 0.11545
-0.432583 -0.432583
0.332885 0.332885
0.392443 0.392443
0.0271076 0.0271076
0.28824 0.28824
0.0951805 0.0951805
-0.126872 -0.126872
-0.492052 -0.492052
0.371221 0.371221
0.219956 0.219956
-0.775268 -0.775268
0.383443 0.383443
-0.426923 -0.426923
-0.780393 -0.780393
0.0151121 0.0151121
-0.448583 -0.448583
-0.411048 -0.411048
0.0648113 0.0648113
-0.0907995 -0.0907995
-0.726129 -0.726129
0.0271076 0.0271076
0.28824 0.28824
0.0951805 0.0951805
0.11545 0.11545
-0.432583 -0.432583
-0.126872 -0.126872
-0.492052 -0.492052
0.371221 0.371221
0.219956 0.219956
0.383443 0.383443
-0.112626 -0.112626
0.303268 0.303268
0.487379 0.487379
-0.030272 -0.030272
-0.411048 -0.411048
0.0648113 0.0648113
-0.0907995 -0.0907995
-0.726129 -0.726129
-0.359767 -0.359767
0.303269 0.303269
0.127534 0.127534
0.11545 0.11545
-0.432583 -0.432583
-0.126872 -0.126872
-0.492052 -0.492052
0.371221 0.371221
0.219956 0.219956
0.383443 0.383443
0.3765 0.3765
0.386136 0.386136
-0.2288 -0.2288
0.278767 0.278767
0.322881 0.322881
0.127534 0.127534
-0.126872 -0.126872
-0.492052 -0.492052
0.371221 0.371221
0.219956 0.219956
0.383443 0.383443
0.3765 0.3765
0.386136 0.386136
-0.2288 -0.2288
0.117222 0.117222
-0.126872 -0.126872
-0.492052 -0.492052
0.371221 0.371221
0.219956 0.219956
0.383443 0.383443
-0.126872 -0.126872
-0.492052 -0.492052
0.371221 0.371221
0.219956 0.219956
0.383443 0.383443
-0.0202448 -0.0202448
0.575259 0.575259
-0.221309 -0.221309
0.147071 0.147071
0.690954 0.690954
0.733058 0.733058
-0.205094 -0.205094
0.312628 0.312628
-0.460577 -0.460577
-0.485625 -0.485625
0.0344328 0.0344328
0.0546846 0.0546846
-0.0226182 -0.0226182
0.403776 0.403776
0.0648084 0.0648084
-0.58753 -0.58753
-0.253355 -0.253355
-0.319918 -0.319918
-0.421182 -0.421182
-0.460577 -0.460577
-0.485625 -0.485625
0.0344328 0.0344328
0.0546846 0.0546846
-0.0226182 -0.0226182
0.403776 0.403776
-0.0202448 -0.0202448
0.0648084 0.0648084
0.575259 0.575259
-0.221309 -0.221309
0.147071 0.147071
0.690954 0.690954
0.733058 0.733058
-0.205094 -0.205094
0.312628 0.312628
-0.253355 -0.253355
-0.319918 -0.319918
-0.421182 -0.421182
0.0344328 0.0344328
0.0546846 0.0546846
-0.0226182 -0.0226182
0.403776 0.403776
0.0648084 0.0648084
-0.0202448 -0.0202448
0.575259 0.575259
-0.221309 -0.221309
0.147071 0.147071
0.690954 0.690954
0.733058 0.733058
-0.205094 -0.205094
0.312628 0.312628
-0.58753 -0.58753
-0.253355 -0.253355
-0.319918 -0.319918
-0.421182 -0.421182
-0.460577 -0.460577
-0.485625 -0.485625
-0.0202448 -0.0202448
0.575259 0.575259
-0.221309 -0.221309
0.147071 0.147071
0.690954 0.690954
0.733058 0.733058
-0.205094 -0.205094
0.312628 0.312628
0.0344328 0.0344328
0.0546846 0.0546846
-0.0226182 -0.0226182
0.403776 0.403776
0.0648084 0.0648084
-0.253355 -0.253355
0.575259 0.575259
-0.221309 -0.221309
-0.319918 -0.319918
-0.421182 -0.421182
0.575259 0.575259
-0.221309 -0.221309
-0.460577 -0.460577
-0.485625 -0.485625
-0.221309 -0.221309
-0.460577 -0.460577
0.0344328 0.0344328
0.403776 0.403776
0.0648084 0.0648084
0.147071 0.147071
0.690954 0.690954
-0.221309 -0.221309
-0.460577 -0.460577
0.0344328 0.0344328
0.403776 0.403776
0.0648084 0.0648084
-0.460577 -0.460577
0.0344328 0.0344328
0.403776 0.403776
0.0648084 0.0648084
-0.0202448 -0.0202448
0.575259 0.575259
-0.221309 -0.221309
0.147071 0.147071
0.690954 0.690954
0.403776 0.403776
0.0648084 0.0648084
-0.0226182 -0.0226182
0.0344328 0.0344328
-0.485625 -0.485625
-0.460577 -0.460577
-0.0202448 -0.0202448
0.575259 0.575259
-0.221309 -0.221309
0.147071 0.147071
0.690954 0.690954
-0.460577 -0.460577
0.0344328 0.0344328
-0.0226182 -0.0226182
0.403776 0.403776
0.0648084 0.0648084
-0.460577 -0.460577
0.575259 0.575259
-0.221309 -0.221309
0.0344328 0.0344328
-0.0226182 -0.0226182
0.403776 0.403776
0.0648084 0.0648084
-0.460577 -0.460577
0.0344328 0.0344328
0.403776 0.403776
0.0648084 0.0648084
0.575259 0.575259
-0.221309 -0.221309
-0.0202448 -0.0202448
0.575259 0.575259
-0.221309 -0.221309
0.147071 0.147071
0.690954 0.690954
-0.460577 -0.460577
0.0344328 0.0344328
0.403776 0.403776
0.0648084 0.0648084
-0.0202448 -0.0202448
0.575259 0.575259
-0.221309 -0.221309
0.147071 0.147071
0.690954 0.690954
-0.460577 -0.460577
0.0344328 0.0344328
-0.0226182 -0.0226182
0.403776 0.403776
0.0648084 0.0648084
0.575259 0.575259
-0.221309 -0.221309
0.575259 0.575259
-0.221309 -0.221309
-0.460577 -0.460577
0.0344328 0.0344328
-0.0226182 -0.0226182
0.403776 0.403776
0.0648084 0.0648084
-0.460577 -0.460577
0.0344328 0.0344328
0.403776 0.403776
0.0648084 0.0648084
-0.460577 -0.460577
0.0344328 0.0344328
0.403776 0.403776
0.0648084 0.0648084
-0.097755 -0.097755
-0.36564 -0.36564
-0.487463 -0.487463
-0.736115 -0.736115
-0.36564 -0.36564
-0.41643 -0.41643
0.00708416 0.00708416
0.188692 0.188692
0.537988 0.537988
-0.0870615 -0.0870615
-0.425165 -0.425165
-0.406718 -0.406718
0.0180227 0.0180227
-0.487463 -0.487463
0.188692 0.188692
0.537988 0.537988
-0.0870615 -0.0870615
-0.425165 -0.425165
-0.406718 -0.406718
0.0180227 0.0180227
-0.487463 -0.487463
0.188692 0.188692
0.537988 0.537988
-0.0870615 -0.0870615
-0.736115 -0.736115
-0.425165 -0.425165
-0.406718 -0.406718
0.0180227 0.0180227
-0.487463 -0.487463
0.188692 0.188692
0.537988 0.537988
-0.0870615 -0.0870615
-0.425165 -0.425165
-0.406718 -0.406718
0.0180227 0.0180227
-0.487463 -0.487463
-0.736115 -0.736115
-0.425165 -0.425165
0.0180227 0.0180227
-0.487463 -0.487463
-0.425165 -0.425165
0.0180227 0.0180227
-0.487463 -0.487463
0.0180227 0.0180227
-0.425165 -0.425165
-0.406718 -0.406718
-0.487463 -0.487463
-0.736115 -0.736115
0.537988 0.537988
-0.487463 -0.487463
0.537988 0.537988
-0.487463 -0.487463
-0.736115 -0.736115
-0.487463 -0.487463
-0.487463 -0.487463
-0.736115 -0.736115
0.537988 0.537988
-0.487463 -0.487463
0.537988 0.537988
-0.487463 -0.487463
-0.736115 -0.736115
-0.487463 -0.487463
-0.207133 -0.207133
0.117831 0.117831
-0.120409 -0.120409
0.100675 0.100675
-0.15503 -0.15503
-0.765422 -0.765422
-0.319923 -0.319923
0.160851 0.160851
-0.101729 -0.101729
-0.274104 -0.274104
0.123823 0.123823
-0.207133 -0.207133
0.117831 0.117831
-0.120409 -0.120409
0.100675 0.100675
-0.15503 -0.15503
-0.765422 -0.765422
-0.319923 -0.319923
0.160851 0.160851
-0.274104 -0.274104
0.123823 0.123823
-0.207133 -0.207133
0.117831 0.117831
-0.120409 -0.120409
0.100675 0.100675
-0.15503 -0.15503
-0.765422 -0.765422
-0.319923 -0.319923
0.160851 0.160851
-0.101729 -0.101729
-0.274104 -0.274104
0.123823 0.123823
-0.207133 -0.207133
0.117831 0.117831
-0.120409 -0.120409
0.100675 0.100675
-0.15503 -0.15503
-0.765422 -0.765422
-0.319923 -0.319923
0.160851 0.160851
-0.274104 -0.274104
0.123823 0.123823
0.100675 0.100675
-0.15503 -0.15503
0.100675 0.100675
-0.15503 -0.15503
0.100675 0.100675
-0.765422 -0.765422
0.117831 0.117831
-0.120409 -0.120409
0.100675 0.100675
-0.15503 -0.15503
-0.319923 -0.319923
0.160851 0.160851
-0.274104 -0.274104
0.123823 0.123823
0.117831 0.117831
-0.120409 -0.120409
0.100675 0.100675
-0.15503 -0.15503
-0.319923 -0.319923
0.160851 0.160851
-0.274104 -0.274104
0.123823 0.123823
0.100675 0.100675
-0.15503 -0.15503
0.100675 0.100675
-0.15503 -0.15503
0.117831 0.117831
-0.120409 -0.120409
0.100675 0.100675
-0.15503 -0.15503
-0.319923 -0.319923
0.160851 0.160851
-0.274104 -0.274104
0.123823 0.123823
0.117831 0.117831
-0.120409 -0.120409
0.100675 0.100675
-0.15503 -0.15503
-0.319923 -0.319923
0.160851 0.160851
-0.274104 -0.274104
0.123823 0.123823
0.100675 0.100675
-0.15503 -0.15503
0.100675 0.100675
-0.15503 -0.15503
-0.252559 -0.252559
-0.603425 -0.603425
0.654627 0.654627
-0.603425 -0.603425
0.654627 0.654627
0.654627 0.654627
-0.603425 -0.603425
0.654627 0.654627
-0.603425 -0.603425
-0.603425 -0.603425
-0.603425 -0.603425
-0.603425 -0.603425
0.654627 0.654627
-0.603425 -0.603425
0.654627 0.654627
-0.603425 -0.603425
-0.603425 -0.603425
-0.603425 -0.603425
0.654627 0.654627
-0.603425 -0.603425
0.654627 0.654627
-0.603425 -0.603425
-0.603425 -0.603425
