0.494631 0.494631
-0.608676 -0.608676
-0.335208 -0.335208
-0.326971 -0.326971
0.171242 0.171242
0.696095 0.696095
0.112801 0.112801
-0.64824 -0.64824
0.393933 0.393933
0.0546998 0.0546998
0.540684 0.540684
0.188943 0.188943
-0.16201 -0.16201
0.647146 0.647146
-0.574618 -0.574618
0.510304 0.510304
0.0169005 0.0169005
0.333705 0.333705
0.0386037 0.0386037
0.552896 0.552896
0.624064 0.624064
-0.463137 -0.463137
-0.0343176 -0.0343176
0.203651 0.203651
-0.315055 -0.315055
0.0305602 0.0305602
-0.276654 -0.276654
-0.658436 -0.658436
-0.440629 -0.440629
-0.674297 -0.674297
0.68806 0.68806
-0.341582 -0.341582
0.131174 0.131174
0.482741 0.482741
-0.604526 -0.604526
-0.203853 -0.203853
-0.412796 -0.412796
0.363023 0.363023
-0.179276 -0.179276
-0.405047 -0.405047
0.413148 0.413148
-0.140079 -0.140079
0.213725 0.213725
-0.735052 -0.735052
-0.104307 -0.104307
0.523464 0.523464
-0.781813 -0.781813
0.0713885 0.0713885
-0.188299 -0.188299
-0.0475107 -0.0475107
-0.4336 -0.4336
0.0256895 0.0256895
0.0218138 0.0218138
-0.036424 -0.036424
0.721046 0.721046
0.696581 0.696581
-0.187567 -0.187567
-0.781741 -0.781741
0.686356 0.686356
-0.231821 -0.231821
-0.553584 -0.553584
0.620227 0.620227
0.100789 0.100789
0.0190169 0.0190169
-0.135451 -0.135451
-0.49718 -0.49718
-0.294414 -0.294414
0.15999 0.15999
0.119676 0.119676
0.597409 0.597409
-0.343671 -0.343671
-0.362569 -0.362569
0.299127 0.299127
0.287564 0.287564
0.236934 0.236934
-0.0263161 -0.0263161
0.344187 0.344187
-0.333807 -0.333807
-0.183208 -0.183208
-0.598667 -0.598667
0.488416 0.488416
0.266257 0.266257
0.0100028 0.0100028
0.536188 0.536188
-0.490654 -0.490654
-0.0577064 -0.0577064
-0.447164 -0.447164
-0.420503 -0.420503
-0.50123 -0.50123
-0.0657218 -0.0657218
-0.403544 -0.403544
-0.461673 -0.461673
-0.350311 -0.350311
-0.110215 -0.110215
-0.799651 -0.799651
0.507891 0.507891
0.424006 0.424006
0.556771 0.556771
0.540702 0.540702
0.177161 0.177161
-0.18178 -0.18178
-0.574618 -0.574618
-0.223882 -0.223882
-0.155345 -0.155345
0.783698 0.783698
0.219508 0.219508
0.591307 0.591307
-0.154687 -0.154687
0.803953 0.803953
-0.0804105 -0.0804105
0.264405 0.264405
-0.140663 -0.140663
0.621704 0.621704
0.715148 0.715148
-0.299692 -0.299692
-0.353712 -0.353712
-0.160128 -0.160128
0.360982 0.360982
-0.0891986 -0.0891986
-0.027884 -0.027884
0.290822 0.290822
-0.116607 -0.116607
0.179308 0.179308
0.178218 0.178218
0.145806 0.145806
0.554833 0.554833
-0.127567 -0.127567
-0.172435 -0.172435
-0.315055 -0.315055
-0.092885 -0.092885
0.0992504 0.0992504
-0.362752 -0.362752
0.155933 0.155933
-0.341582 -0.341582
0.131174 0.131174
-0.0502214 -0.0502214
0.33173 0.33173
-0.000422365 -0.000422365
0.142803 0.142803
0.140023 0.140023
0.716485 0.716485
-0.360427 -0.360427
0.111198 0.111198
0.278068 0.278068
0.291002 0.291002
0.510327 0.510327
0.640844 0.640844
0.615329 0.615329
0.17909 0.17909
0.601441 0.601441
0.729078 0.729078
0.53059 0.53059
0.74942 0.74942
0.305071 0.305071
0.361557 0.361557
0.205333 0.205333
-0.295548 -0.295548
-0.655265 -0.655265
-0.619151 -0.619151
0.0810413 0.0810413
-0.107299 -0.107299
-0.0714144 -0.0714144
-0.608676 -0.608676
0.450485 0.450485
-0.604526 -0.604526
0.0992731 0.0992731
0.171242 0.171242
-0.203853 -0.203853
0.601452 0.601452
-0.440629 -0.440629
0.571078 0.571078
0.617515 0.617515
0.574385 0.574385
0.555838 0.555838
0.523464 0.523464
0.432777 0.432777
0.0909532 0.0909532
0.0546998 0.0546998
-0.16201 -0.16201
0.482741 0.482741
0.0305602 0.0305602
-0.276654 -0.276654
-0.658436 -0.658436
-0.152935 -0.152935
-0.129541 -0.129541
-0.674297 -0.674297
-0.516599 -0.516599
-0.671721 -0.671721
0.753306 0.753306
0.393933 0.393933
0.216684 0.216684
-0.412796 -0.412796
-0.64824 -0.64824
0.119676 0.119676
0.366703 0.366703
0.779621 0.779621
-0.362569 -0.362569
0.299127 0.299127
-0.463137 -0.463137
0.287564 0.287564
0.236934 0.236934
-0.470026 -0.470026
-0.0263161 -0.0263161
-0.0364179 -0.0364179
-0.573049 -0.573049
-0.340162 -0.340162
-0.447334 -0.447334
0.803954 0.803954
-0.380686 -0.380686
-0.319908 -0.319908
0.56535 0.56535
-0.562915 -0.562915
-0.542676 -0.542676
-0.542676 -0.542676
-0.735052 -0.735052
-0.192008 -0.192008
-0.104307 -0.104307
-0.4336 -0.4336
0.32584 0.32584
-0.192662 -0.192662
-0.188299 -0.188299
0.247079 0.247079
0.488416 0.488416
-0.0475107 -0.0475107
0.536188 0.536188
0.560949 0.560949
0.0256895 0.0256895
0.0756017 0.0756017
-0.0848133 -0.0848133
0.104269 0.104269
0.0218138 0.0218138
-0.036424 -0.036424
-0.558201 -0.558201
0.721046 0.721046
-0.583195 -0.583195
-0.334038 -0.334038
-0.103332 -0.103332
-0.380691 -0.380691
0.73605 0.73605
-0.187567 -0.187567
0.696581 0.696581
0.686356 0.686356
-0.781741 -0.781741
-0.231821 -0.231821
-0.490654 -0.490654
0.620227 0.620227
-0.735069 -0.735069
0.628498 0.628498
-0.0263035 -0.0263035
-0.35694 -0.35694
0.170218 0.170218
-0.598667 -0.598667
0.024653 0.024653
0.48358 0.48358
-0.420503 -0.420503
-0.207623 -0.207623
-0.403544 -0.403544
-0.228803 -0.228803
-0.0312458 -0.0312458
-0.110215 -0.110215
0.262019 0.262019
-0.223882 -0.223882
0.0528741 0.0528741
-0.656282 -0.656282
-0.183208 -0.183208
-0.400937 -0.400937
0.803953 0.803953
-0.0804105 -0.0804105
0.264405 0.264405
-0.32265 -0.32265
-0.539134 -0.539134
-0.553584 -0.553584
-0.49718 -0.49718
0.100789 0.100789
-0.447164 -0.447164
-0.294414 -0.294414
-0.315055 -0.315055
0.549343 0.549343
-0.341582 -0.341582
0.497315 0.497315
0.131174 0.131174
0.183009 0.183009
-0.50123 -0.50123
0.287575 0.287575
-0.799651 -0.799651
-0.214206 -0.214206
0.507891 0.507891
0.564633 0.564633
0.424006 0.424006
-0.587446 -0.587446
0.530566 0.530566
0.15999 0.15999
0.527616 0.527616
-0.713771 -0.713771
-0.279426 -0.279426
-0.0243165 -0.0243165
0.0562284 0.0562284
0.344187 0.344187
-0.712622 -0.712622
-0.228795 -0.228795
-0.604526 -0.604526
-0.326971 -0.326971
-0.333807 -0.333807
-0.547463 -0.547463
0.470846 0.470846
0.0546998 0.0546998
-0.155345 -0.155345
-0.16201 -0.16201
-0.585567 -0.585567
0.647146 0.647146
0.181447 0.181447
0.206556 0.206556
-0.64824 -0.64824
0.0305602 0.0305602
0.0996055 0.0996055
-0.657653 -0.657653
0.171242 0.171242
0.188943 0.188943
0.482741 0.482741
-0.276654 -0.276654
0.783698 0.783698
-0.658436 -0.658436
-0.175011 -0.175011
0.363023 0.363023
0.115448 0.115448
-0.140079 -0.140079
0.219508 0.219508
0.621683 0.621683
0.119676 0.119676
0.213725 0.213725
-0.405047 -0.405047
0.413148 0.413148
0.333705 0.333705
0.32806 0.32806
-0.267795 -0.267795
0.591307 0.591307
-0.517302 -0.517302
-0.4336 -0.4336
0.576353 0.576353
-0.154687 -0.154687
-0.327938 -0.327938
-0.354375 -0.354375
-0.362569 -0.362569
-0.603442 -0.603442
0.714687 0.714687
0.299127 0.299127
-0.000541257 -0.000541257
0.287564 0.287564
-0.674297 -0.674297
0.236934 0.236934
-0.0263161 -0.0263161
0.0386037 0.0386037
0.395 0.395
-0.478154 -0.478154
0.142803 0.142803
0.552896 0.552896
0.624064 0.624064
-0.608676 -0.608676
-0.440629 -0.440629
0.523464 0.523464
0.494631 0.494631
-0.735052 -0.735052
0.510304 0.510304
-0.104307 -0.104307
-0.188299 -0.188299
-0.0475107 -0.0475107
0.696581 0.696581
0.0256895 0.0256895
-0.781741 -0.781741
-0.412796 -0.412796
-0.231821 -0.231821
0.620227 0.620227
-0.544289 -0.544289
0.271925 0.271925
0.0169005 0.0169005
0.488416 0.488416
0.536188 0.536188
0.68806 0.68806
-0.18178 -0.18178
0.393933 0.393933
-0.0343176 -0.0343176
-0.343671 -0.343671
0.203651 0.203651
-0.203853 -0.203853
0.182015 0.182015
0.266257 0.266257
-0.187567 -0.187567
0.686356 0.686356
-0.553584 -0.553584
0.0100028 0.0100028
-0.350311 -0.350311
-0.183208 -0.183208
0.617515 0.617515
0.574385 0.574385
-0.598667 -0.598667
0.540684 0.540684
-0.420503 -0.420503
-0.403544 -0.403544
-0.110215 -0.110215
0.556771 0.556771
0.0218138 0.0218138
-0.135451 -0.135451
-0.152935 -0.152935
-0.49718 -0.49718
-0.294414 -0.294414
-0.0657218 -0.0657218
-0.036424 -0.036424
0.721046 0.721046
-0.655265 -0.655265
-0.447164 -0.447164
-0.129541 -0.129541
-0.335208 -0.335208
0.0810413 0.0810413
-0.50123 -0.50123
0.597409 0.597409
0.15999 0.15999
-0.516599 -0.516599
-0.671721 -0.671721
-0.799651 -0.799651
0.696095 0.696095
0.112801 0.112801
0.507891 0.507891
0.424006 0.424006
0.753306 0.753306
0.216684 0.216684
-0.107299 -0.107299
-0.0714144 -0.0714144
0.366703 0.366703
0.450485 0.450485
0.111198 0.111198
0.601452 0.601452
0.0992731 0.0992731
-0.735069 -0.735069
0.571078 0.571078
-0.35694 -0.35694
0.278068 0.278068
0.510327 0.510327
0.640844 0.640844
0.615329 0.615329
0.17909 0.17909
-0.490654 -0.490654
0.555838 0.555838
0.540702 0.540702
0.177161 0.177161
0.432777 0.432777
-0.32265 -0.32265
-0.140663 -0.140663
-0.333807 -0.333807
-0.155345 -0.155345
0.783698 0.783698
0.0909532 0.0909532
0.360982 0.360982
-0.470026 -0.470026
-0.0891986 -0.0891986
0.715148 0.715148
0.219508 0.219508
-0.299692 -0.299692
0.591307 0.591307
0.155933 0.155933
-0.0502214 -0.0502214
0.33173 0.33173
-0.000422365 -0.000422365
-0.027884 -0.027884
-0.573049 -0.573049
-0.154687 -0.154687
0.601441 0.601441
0.729078 0.729078
0.470846 0.470846
0.628498 0.628498
-0.781813 -0.781813
0.361557 0.361557
0.100789 0.100789
0.290822 0.290822
0.0190169 0.0190169
0.179308 0.179308
0.560949 0.560949
-0.0263035 -0.0263035
0.53059 0.53059
-0.0364179 -0.0364179
0.170218 0.170218
0.0713885 0.0713885
0.48358 0.48358
-0.539134 -0.539134
-0.340162 -0.340162
-0.207623 -0.207623
-0.175011 -0.175011
-0.447334 -0.447334
-0.228803 -0.228803
-0.179276 -0.179276
0.32806 0.32806
-0.0312458 -0.0312458
0.803954 0.803954
-0.0848133 -0.0848133
0.497315 0.497315
0.183009 0.183009
-0.587446 -0.587446
0.779621 0.779621
-0.583195 -0.583195
-0.334038 -0.334038
-0.319908 -0.319908
-0.542676 -0.542676
-0.542676 -0.542676
-0.0577064 -0.0577064
-0.192008 -0.192008
-0.461673 -0.461673
0.0756017 0.0756017
0.104269 0.104269
-0.558201 -0.558201
-0.103332 -0.103332
0.73605 0.73605
0.024653 0.024653
0.262019 0.262019
0.0528741 0.0528741
-0.656282 -0.656282
-0.400937 -0.400937
-0.380686 -0.380686
0.56535 0.56535
0.32584 0.32584
-0.223882 -0.223882
-0.547463 -0.547463
-0.585567 -0.585567
0.181447 0.181447
0.333705 0.333705
0.0386037 0.0386037
0.552896 0.552896
0.624064 0.624064
0.494631 0.494631
-0.228795 -0.228795
0.0996055 0.0996055
-0.657653 -0.657653
0.621704 0.621704
-0.353712 -0.353712
-0.140079 -0.140079
0.0169005 0.0169005
0.213725 0.213725
-0.0343176 -0.0343176
0.203651 0.203651
-0.160128 -0.160128
0.363023 0.363023
-0.116607 -0.116607
0.178218 0.178218
-0.18178 -0.18178
0.145806 0.145806
-0.135451 -0.135451
-0.405047 -0.405047
0.554833 0.554833
-0.172435 -0.172435
-0.092885 -0.092885
0.0992504 0.0992504
-0.362752 -0.362752
0.597409 0.597409
-0.127567 -0.127567
0.140023 0.140023
0.360982 0.360982
-0.140663 -0.140663
0.716485 0.716485
-0.360427 -0.360427
-0.0891986 -0.0891986
0.413148 0.413148
-0.027884 -0.027884
0.715148 0.715148
0.290822 0.290822
0.291002 0.291002
-0.299692 -0.299692
0.179308 0.179308
0.155933 0.155933
-0.0502214 -0.0502214
0.33173 0.33173
-0.000422365 -0.000422365
0.74942 0.74942
0.305071 0.305071
0.205333 0.205333
-0.295548 -0.295548
-0.619151 -0.619151
0.344187 0.344187
-0.562915 -0.562915
-0.350311 -0.350311
0.53059 0.53059
-0.214206 -0.214206
0.564633 0.564633
-0.712622 -0.712622
0.115448 0.115448
-0.267795 -0.267795
-0.517302 -0.517302
-0.327938 -0.327938
-0.603442 -0.603442
0.803953 0.803953
-0.0804105 -0.0804105
0.171242 0.171242
0.482741 0.482741
0.395 0.395
0.68806 0.68806
-0.574618 -0.574618
-0.0657218 -0.0657218
0.266257 0.266257
0.264405 0.264405
-0.380686 -0.380686
0.450485 0.450485
0.119676 0.119676
0.0100028 0.0100028
0.56535 0.56535
-0.362569 -0.362569
0.366703 0.366703
0.0992731 0.0992731
0.299127 0.299127
0.287564 0.287564
0.236934 0.236934
0.142803 0.142803
0.247079 0.247079
-0.655265 -0.655265
-0.343671 -0.343671
-0.539134 -0.539134
0.540684 0.540684
-0.0263161 -0.0263161
0.111198 0.111198
0.32584 0.32584
-0.735069 -0.735069
-0.608676 -0.608676
0.0546998 0.0546998
-0.16201 -0.16201
-0.440629 -0.440629
0.0305602 0.0305602
-0.573049 -0.573049
0.628498 0.628498
-0.276654 -0.276654
0.497315 0.497315
-0.658436 -0.658436
0.523464 0.523464
0.183009 0.183009
-0.587446 -0.587446
-0.674297 -0.674297
-0.35694 -0.35694
-0.315055 -0.315055
0.278068 0.278068
-0.188299 -0.188299
-0.735052 -0.735052
0.0810413 0.0810413
-0.0263035 -0.0263035
0.530566 0.530566
-0.107299 -0.107299
-0.341582 -0.341582
0.527616 0.527616
-0.0714144 -0.0714144
-0.713771 -0.713771
0.131174 0.131174
-0.279426 -0.279426
-0.0475107 -0.0475107
-0.104307 -0.104307
0.0256895 0.0256895
-0.0243165 -0.0243165
0.170218 0.170218
0.601452 0.601452
-0.604526 -0.604526
0.510327 0.510327
0.640844 0.640844
0.0562284 0.0562284
0.571078 0.571078
0.48358 0.48358
0.555838 0.555838
0.206556 0.206556
0.621683 0.621683
-0.207623 -0.207623
0.615329 0.615329
0.576353 0.576353
-0.354375 -0.354375
0.17909 0.17909
0.714687 0.714687
-0.000541257 -0.000541257
-0.187567 -0.187567
0.686356 0.686356
-0.228803 -0.228803
-0.0312458 -0.0312458
0.432777 0.432777
0.0909532 0.0909532
-0.553584 -0.553584
-0.598667 -0.598667
-0.64824 -0.64824
-0.420503 -0.420503
-0.403544 -0.403544
-0.110215 -0.110215
0.488416 0.488416
0.536188 0.536188
0.601441 0.601441
0.0218138 0.0218138
-0.036424 -0.036424
0.721046 0.721046
0.271925 0.271925
0.729078 0.729078
0.361557 0.361557
-0.0364179 -0.0364179
-0.340162 -0.340162
0.470846 0.470846
0.182015 0.182015
-0.175011 -0.175011
-0.447334 -0.447334
0.32806 0.32806
0.803954 0.803954
-0.192662 -0.192662
-0.4336 -0.4336
-0.470026 -0.470026
-0.0848133 -0.0848133
-0.412796 -0.412796
0.696581 0.696581
-0.781741 -0.781741
-0.231821 -0.231821
0.620227 0.620227
0.779621 0.779621
-0.319908 -0.319908
-0.179276 -0.179276
-0.542676 -0.542676
-0.542676 -0.542676
-0.192008 -0.192008
-0.0577064 -0.0577064
-0.461673 -0.461673
-0.203853 -0.203853
0.617515 0.617515
0.574385 0.574385
-0.490654 -0.490654
-0.32265 -0.32265
0.100789 0.100789
-0.223882 -0.223882
-0.781813 -0.781813
0.0713885 0.0713885
-0.547463 -0.547463
0.549343 0.549343
-0.152935 -0.152935
-0.183208 -0.183208
0.393933 0.393933
-0.583195 -0.583195
-0.334038 -0.334038
-0.380691 -0.380691
-0.447164 -0.447164
-0.129541 -0.129541
-0.50123 -0.50123
0.621704 0.621704
-0.516599 -0.516599
-0.671721 -0.671721
-0.799651 -0.799651
-0.353712 -0.353712
0.753306 0.753306
0.507891 0.507891
0.216684 0.216684
-0.160128 -0.160128
0.424006 0.424006
-0.116607 -0.116607
0.178218 0.178218
0.145806 0.145806
-0.127567 -0.127567
0.140023 0.140023
-0.49718 -0.49718
-0.294414 -0.294414
0.554833 0.554833
-0.172435 -0.172435
-0.092885 -0.092885
0.0992504 0.0992504
-0.362752 -0.362752
0.15999 0.15999
0.716485 0.716485
-0.360427 -0.360427
-0.585567 -0.585567
0.181447 0.181447
0.291002 0.291002
0.024653 0.024653
0.262019 0.262019
-0.333807 -0.333807
-0.562915 -0.562915
-0.463137 -0.463137
-0.155345 -0.155345
0.783698 0.783698
0.219508 0.219508
0.591307 0.591307
0.287575 0.287575
-0.214206 -0.214206
0.564633 0.564633
-0.712622 -0.712622
0.115448 0.115448
-0.267795 -0.267795
-0.517302 -0.517302
-0.327938 -0.327938
-0.603442 -0.603442
-0.154687 -0.154687
0.0528741 0.0528741
-0.656282 -0.656282
0.560949 0.560949
0.0756017 0.0756017
0.104269 0.104269
-0.558201 -0.558201
-0.103332 -0.103332
0.73605 0.73605
0.344187 0.344187
0.803953 0.803953
-0.0804105 -0.0804105
-0.400937 -0.400937
0.264405 0.264405
0.482741 0.482741
0.530566 0.530566
0.527616 0.527616
-0.713771 -0.713771
0.119676 0.119676
-0.279426 -0.279426
-0.0243165 -0.0243165
0.299127 0.299127
0.0562284 0.0562284
0.236934 0.236934
-0.0263161 -0.0263161
0.206556 0.206556
0.621683 0.621683
0.576353 0.576353
-0.354375 -0.354375
0.714687 0.714687
-0.000541257 -0.000541257
-0.608676 -0.608676
-0.440629 -0.440629
0.523464 0.523464
-0.188299 -0.188299
-0.0475107 -0.0475107
0.0256895 0.0256895
0.0218138 0.0218138
-0.036424 -0.036424
0.721046 0.721046
0.686356 0.686356
0.100789 0.100789
0.482741 0.482741
0.344187 0.344187
0.74942 0.74942
0.305071 0.305071
-0.18178 -0.18178
0.205333 0.205333
0.494631 0.494631
0.0546998 0.0546998
0.0305602 0.0305602
-0.0343176 -0.0343176
0.119676 0.119676
0.203651 0.203651
0.299127 0.299127
0.647146 0.647146
0.236934 0.236934
0.395 0.395
-0.608676 -0.608676
-0.228795 -0.228795
-0.0263161 -0.0263161
-0.735052 -0.735052
-0.574618 -0.574618
-0.135451 -0.135451
0.142803 0.142803
-0.478154 -0.478154
0.540702 0.540702
-0.440629 -0.440629
0.188943 0.188943
0.360982 0.360982
0.177161 0.177161
0.523464 0.523464
0.803953 0.803953
-0.0891986 -0.0891986
-0.0804105 -0.0804105
-0.188299 -0.188299
-0.0475107 -0.0475107
0.264405 0.264405
0.0256895 0.0256895
0.597409 0.597409
-0.027884 -0.027884
-0.326971 -0.326971
-0.544289 -0.544289
0.271925 0.271925
0.0218138 0.0218138
-0.036424 -0.036424
0.721046 0.721046
0.686356 0.686356
0.100789 0.100789
0.344187 0.344187
0.290822 0.290822
0.179308 0.179308
0.333705 0.333705
0.0546998 0.0546998
-0.140663 -0.140663
0.715148 0.715148
-0.299692 -0.299692
0.155933 0.155933
-0.0502214 -0.0502214
0.33173 0.33173
-0.574618 -0.574618
-0.000422365 -0.000422365
0.0386037 0.0386037
0.552896 0.552896
0.53059 0.53059
0.0996055 0.0996055
-0.657653 -0.657653
0.624064 0.624064
0.482741 0.482741
-0.380686 -0.380686
0.56535 0.56535
0.0305602 0.0305602
-0.64824 -0.64824
0.363023 0.363023
-0.140079 -0.140079
0.213725 0.213725
0.0169005 0.0169005
0.696581 0.696581
-0.231821 -0.231821
0.620227 0.620227
-0.405047 -0.405047
0.413148 0.413148
0.32584 0.32584
-0.50123 -0.50123
-0.341582 -0.341582
-0.0657218 -0.0657218
-0.203853 -0.203853
-0.608676 -0.608676
0.0100028 0.0100028
-0.735052 -0.735052
-0.188299 -0.188299
-0.0475107 -0.0475107
0.450485 0.450485
0.0256895 0.0256895
0.0992731 0.0992731
0.0218138 0.0218138
-0.036424 -0.036424
0.721046 0.721046
-0.539134 -0.539134
0.119676 0.119676
-0.350311 -0.350311
0.803953 0.803953
-0.0804105 -0.0804105
0.264405 0.264405
0.497315 0.497315
0.686356 0.686356
-0.574618 -0.574618
0.266257 0.266257
0.100789 0.100789
0.344187 0.344187
0.299127 0.299127
0.183009 0.183009
0.366703 0.366703
-0.655265 -0.655265
-0.735069 -0.735069
-0.573049 -0.573049
-0.587446 -0.587446
-0.64824 -0.64824
0.236934 0.236934
-0.35694 -0.35694
-0.0263161 -0.0263161
0.0810413 0.0810413
-0.341582 -0.341582
0.111198 0.111198
-0.107299 -0.107299
0.696581 0.696581
-0.231821 -0.231821
-0.295548 -0.295548
-0.619151 -0.619151
0.620227 0.620227
0.278068 0.278068
0.510327 0.510327
0.640844 0.640844
-0.0714144 -0.0714144
0.628498 0.628498
-0.0263035 -0.0263035
0.170218 0.170218
0.48358 0.48358
-0.207623 -0.207623
0.0305602 0.0305602
-0.50123 -0.50123
0.601452 0.601452
-0.228803 -0.228803
0.615329 0.615329
-0.735052 -0.735052
-0.0312458 -0.0312458
-0.203853 -0.203853
0.17909 0.17909
0.540702 0.540702
0.344187 0.344187
0.177161 0.177161
0.0218138 0.0218138
0.601441 0.601441
0.729078 0.729078
-0.608676 -0.608676
0.119676 0.119676
0.803953 0.803953
-0.0804105 -0.0804105
0.299127 0.299127
0.571078 0.571078
0.264405 0.264405
0.361557 0.361557
0.488416 0.488416
0.555838 0.555838
-0.036424 -0.036424
0.721046 0.721046
0.470846 0.470846
0.510304 0.510304
0.182015 0.182015
0.432777 0.432777
-0.362569 -0.362569
-0.188299 -0.188299
0.0909532 0.0909532
-0.175011 -0.175011
0.0256895 0.0256895
-0.0475107 -0.0475107
0.236934 0.236934
0.32806 0.32806
-0.64824 -0.64824
-0.0263161 -0.0263161
-0.553584 -0.553584
0.803953 0.803953
-0.341582 -0.341582
-0.470026 -0.470026
-0.0804105 -0.0804105
0.393933 0.393933
-0.585567 -0.585567
-0.203853 -0.203853
0.181447 0.181447
0.696581 0.696581
0.620227 0.620227
-0.420503 -0.420503
0.779621 0.779621
-0.319908 -0.319908
-0.542676 -0.542676
-0.542676 -0.542676
-0.192008 -0.192008
-0.0364179 -0.0364179
-0.340162 -0.340162
-0.674297 -0.674297
0.68806 0.68806
-0.598667 -0.598667
-0.735052 -0.735052
-0.32265 -0.32265
-0.447334 -0.447334
0.540684 0.540684
-0.343671 -0.343671
-0.50123 -0.50123
-0.608676 -0.608676
-0.49718 -0.49718
-0.294414 -0.294414
-0.463137 -0.463137
-0.335208 -0.335208
0.696095 0.696095
0.803954 0.803954
0.112801 0.112801
0.171242 0.171242
-0.440629 -0.440629
0.523464 0.523464
-0.188299 -0.188299
-0.0848133 -0.0848133
-0.0475107 -0.0475107
0.0256895 0.0256895
0.0218138 0.0218138
0.482741 0.482741
0.264405 0.264405
-0.187567 -0.187567
0.0190169 0.0190169
0.344187 0.344187
0.0305602 0.0305602
-0.463137 -0.463137
0.393933 0.393933
-0.49718 -0.49718
-0.294414 -0.294414
0.620227 0.620227
-0.781813 -0.781813
-0.50123 -0.50123
0.696581 0.696581
-0.231821 -0.231821
-0.781741 -0.781741
0.119676 0.119676
0.0713885 0.0713885
-0.362569 -0.362569
-0.608676 -0.608676
0.617515 0.617515
0.0546998 0.0546998
0.574385 0.574385
-0.440629 -0.440629
0.0305602 0.0305602
-0.574618 -0.574618
-0.315055 -0.315055
-0.276654 -0.276654
-0.203853 -0.203853
0.299127 0.299127
0.523464 0.523464
-0.152935 -0.152935
0.287564 0.287564
-0.341582 -0.341582
-0.0263161 -0.0263161
-0.129541 -0.129541
-0.516599 -0.516599
-0.671721 -0.671721
0.753306 0.753306
0.216684 0.216684
-0.658436 -0.658436
-0.583195 -0.583195
-0.334038 -0.334038
0.488416 0.488416
-0.188299 -0.188299
-0.0475107 -0.0475107
0.0256895 0.0256895
0.393933 0.393933
-0.547463 -0.547463
0.0218138 0.0218138
-0.187567 -0.187567
0.344187 0.344187
-0.674297 -0.674297
-0.574618 -0.574618
-0.179276 -0.179276
0.696581 0.696581
-0.231821 -0.231821
0.620227 0.620227
-0.0577064 -0.0577064
-0.735052 -0.735052
-0.104307 -0.104307
-0.463137 -0.463137
0.024653 0.024653
-0.315055 -0.315055
-0.461673 -0.461673
-0.341582 -0.341582
0.171242 0.171242
0.131174 0.131174
0.482741 0.482741
-0.604526 -0.604526
0.621704 0.621704
0.560949 0.560949
-0.353712 -0.353712
-0.598667 -0.598667
-0.49718 -0.49718
-0.183208 -0.183208
-0.160128 -0.160128
0.119676 0.119676
-0.608676 -0.608676
0.262019 0.262019
-0.403544 -0.403544
-0.440629 -0.440629
-0.203853 -0.203853
-0.362569 -0.362569
-0.116607 -0.116607
0.523464 0.523464
0.299127 0.299127
0.178218 0.178218
0.287564 0.287564
0.145806 0.145806
-0.0263161 -0.0263161
-0.127567 -0.127567
0.140023 0.140023
0.0756017 0.0756017
0.803953 0.803953
-0.0804105 -0.0804105
0.554833 0.554833
-0.172435 -0.172435
-0.412796 -0.412796
-0.092885 -0.092885
0.104269 0.104269
0.264405 0.264405
-0.558201 -0.558201
-0.188299 -0.188299
-0.0475107 -0.0475107
-0.103332 -0.103332
-0.50123 -0.50123
0.0992504 0.0992504
0.73605 0.73605
-0.362752 -0.362752
0.0256895 0.0256895
0.716485 0.716485
0.488416 0.488416
0.0218138 0.0218138
-0.49718 -0.49718
0.393933 0.393933
0.344187 0.344187
-0.360427 -0.360427
0.291002 0.291002
0.0528741 0.0528741
-0.656282 -0.656282
-0.574618 -0.574618
0.0546998 0.0546998
-0.562915 -0.562915
0.0305602 0.0305602
-0.276654 -0.276654
-0.658436 -0.658436
-0.608676 -0.608676
-0.440629 -0.440629
-0.214206 -0.214206
0.564633 0.564633
-0.712622 -0.712622
0.523464 0.523464
0.696581 0.696581
0.115448 0.115448
-0.231821 -0.231821
-0.267795 -0.267795
0.620227 0.620227
-0.517302 -0.517302
-0.327938 -0.327938
-0.603442 -0.603442
0.482741 0.482741
-0.188299 -0.188299
-0.183208 -0.183208
-0.315055 -0.315055
-0.674297 -0.674297
-0.341582 -0.341582
-0.0475107 -0.0475107
0.0256895 0.0256895
0.360982 0.360982
0.131174 0.131174
-0.027884 -0.027884
-0.400937 -0.400937
-0.50123 -0.50123
0.0218138 0.0218138
-0.604526 -0.604526
0.179308 0.179308
-0.735052 -0.735052
0.119676 0.119676
-0.104307 -0.104307
-0.203853 -0.203853
0.344187 0.344187
0.647146 0.647146
-0.412796 -0.412796
0.393933 0.393933
0.299127 0.299127
-0.0263161 -0.0263161
-0.598667 -0.598667
-0.403544 -0.403544
0.647146 0.647146
-0.574618 -0.574618
0.552896 0.552896
0.530566 0.530566
0.624064 0.624064
0.803953 0.803953
-0.0804105 -0.0804105
0.527616 0.527616
-0.713771 -0.713771
0.264405 0.264405
-0.279426 -0.279426
0.696581 0.696581
-0.49718 -0.49718
0.203651 0.203651
0.482741 0.482741
-0.294414 -0.294414
-0.0243165 -0.0243165
-0.608676 -0.608676
0.450485 0.450485
-0.440629 -0.440629
0.523464 0.523464
0.597409 0.597409
-0.231821 -0.231821
0.0562284 0.0562284
0.620227 0.620227
0.119676 0.119676
0.15999 0.15999
0.206556 0.206556
0.621683 0.621683
0.576353 0.576353
-0.354375 -0.354375
0.714687 0.714687
-0.000541257 -0.000541257
-0.299692 -0.299692
-0.188299 -0.188299
-0.333807 -0.333807
-0.573049 -0.573049
0.299127 0.299127
0.142803 0.142803
0.0546998 0.0546998
0.0305602 0.0305602
-0.50123 -0.50123
-0.0263161 -0.0263161
-0.0475107 -0.0475107
0.0256895 0.0256895
0.188943 0.188943
0.0218138 0.0218138
0.155933 0.155933
0.33173 0.33173
-0.341582 -0.341582
0.647146 0.647146
0.552896 0.552896
-0.187567 -0.187567
0.0190169 0.0190169
0.74942 0.74942
0.305071 0.305071
0.393933 0.393933
-0.326971 -0.326971
0.205333 0.205333
-0.228795 -0.228795
0.624064 0.624064
0.344187 0.344187
0.188943 0.188943
-0.203853 -0.203853
0.729078 0.729078
0.361557 0.361557
0.395 0.395
-0.735052 -0.735052
0.803953 0.803953
-0.0804105 -0.0804105
0.264405 0.264405
-0.574618 -0.574618
0.0169005 0.0169005
0.696581 0.696581
-0.231821 -0.231821
-0.326971 -0.326971
0.620227 0.620227
0.171242 0.171242
0.213725 0.213725
-0.341582 -0.341582
0.482741 0.482741
-0.608676 -0.608676
0.363023 0.363023
-0.203853 -0.203853
-0.440629 -0.440629
0.523464 0.523464
-0.49718 -0.49718
-0.294414 -0.294414
0.360982 0.360982
-0.027884 -0.027884
-0.463137 -0.463137
0.15999 0.15999
-0.188299 -0.188299
-0.405047 -0.405047
-0.0475107 -0.0475107
0.179308 0.179308
0.0256895 0.0256895
0.0218138 0.0218138
-0.187567 -0.187567
0.344187 0.344187
0.271925 0.271925
0.0546998 0.0546998
0.203651 0.203651
-0.333807 -0.333807
0.0305602 0.0305602
0.266257 0.266257
0.142803 0.142803
-0.735052 -0.735052
0.278068 0.278068
0.597409 0.597409
0.17909 0.17909
0.0996055 0.0996055
-0.657653 -0.657653
0.803953 0.803953
-0.0804105 -0.0804105
0.264405 0.264405
0.262019 0.262019
-0.299692 -0.299692
-0.50123 -0.50123
-0.574618 -0.574618
0.119676 0.119676
0.450485 0.450485
-0.608676 -0.608676
-0.362569 -0.362569
-0.655265 -0.655265
0.299127 0.299127
0.287564 0.287564
-0.350311 -0.350311
0.366703 0.366703
-0.0263161 -0.0263161
0.601452 0.601452
0.155933 0.155933
-0.440629 -0.440629
0.571078 0.571078
0.33173 0.33173
0.488416 0.488416
0.523464 0.523464
-0.573049 -0.573049
0.0546998 0.0546998
0.393933 0.393933
0.0909532 0.0909532
-0.326971 -0.326971
-0.32265 -0.32265
-0.188299 -0.188299
0.171242 0.171242
0.482741 0.482741
-0.315055 -0.315055
0.0305602 0.0305602
0.729078 0.729078
0.647146 0.647146
0.696581 0.696581
0.213725 0.213725
-0.49718 -0.49718
-0.294414 -0.294414
0.360982 0.360982
-0.276654 -0.276654
-0.658436 -0.658436
0.361557 0.361557
-0.027884 -0.027884
0.179308 0.179308
-0.674297 -0.674297
0.552896 0.552896
-0.0475107 -0.0475107
-0.231821 -0.231821
0.620227 0.620227
0.0256895 0.0256895
-0.341582 -0.341582
0.131174 0.131174
-0.604526 -0.604526
0.624064 0.624064
-0.203853 -0.203853
0.0218138 0.0218138
0.344187 0.344187
-0.735052 -0.735052
0.0169005 0.0169005
-0.412796 -0.412796
-0.104307 -0.104307
0.119676 0.119676
0.188943 0.188943
-0.598667 -0.598667
0.393933 0.393933
-0.403544 -0.403544
-0.183208 -0.183208
-0.608676 -0.608676
0.510304 0.510304
0.803953 0.803953
-0.362569 -0.362569
-0.0804105 -0.0804105
-0.440629 -0.440629
-0.574618 -0.574618
-0.18178 -0.18178
0.203651 0.203651
-0.295548 -0.295548
-0.619151 -0.619151
0.264405 0.264405
0.450485 0.450485
0.299127 0.299127
0.523464 0.523464
0.266257 0.266257
0.287564 0.287564
0.597409 0.597409
-0.350311 -0.350311
-0.0263161 -0.0263161
-0.50123 -0.50123
0.366703 0.366703
0.0546998 0.0546998
-0.299692 -0.299692
0.155933 0.155933
0.33173 0.33173
0.729078 0.729078
0.361557 0.361557
-0.188299 -0.188299
0.278068 0.278068
-0.0475107 -0.0475107
0.17909 0.17909
0.363023 0.363023
0.262019 0.262019
0.0256895 0.0256895
0.488416 0.488416
0.182015 0.182015
0.0218138 0.0218138
0.0305602 0.0305602
-0.276654 -0.276654
-0.658436 -0.658436
-0.49718 -0.49718
-0.294414 -0.294414
-0.674297 -0.674297
-0.315055 -0.315055
-0.463137 -0.463137
-0.341582 -0.341582
0.131174 0.131174
-0.604526 -0.604526
-0.735052 -0.735052
-0.104307 -0.104307
-0.405047 -0.405047
0.344187 0.344187
-0.32265 -0.32265
-0.203853 -0.203853
-0.179276 -0.179276
-0.343671 -0.343671
-0.0577064 -0.0577064
-0.461673 -0.461673
-0.598667 -0.598667
0.621704 0.621704
-0.655265 -0.655265
-0.403544 -0.403544
-0.412796 -0.412796
0.601452 0.601452
-0.353712 -0.353712
0.803953 0.803953
-0.0804105 -0.0804105
0.571078 0.571078
-0.127567 -0.127567
0.264405 0.264405
0.0909532 0.0909532
0.0546998 0.0546998
0.482741 0.482741
0.0305602 0.0305602
0.179308 0.179308
-0.574618 -0.574618
-0.735052 -0.735052
0.0169005 0.0169005
0.213725 0.213725
-0.335208 -0.335208
0.696581 0.696581
0.696095 0.696095
0.112801 0.112801
-0.231821 -0.231821
0.620227 0.620227
0.393933 0.393933
0.119676 0.119676
-0.183208 -0.183208
0.155933 0.155933
0.266257 0.266257
-0.027884 -0.027884
0.299127 0.299127
-0.50123 -0.50123
-0.341582 -0.341582
-0.0263161 -0.0263161
-0.49718 -0.49718
-0.203853 -0.203853
0.803953 0.803953
-0.0804105 -0.0804105
0.552896 0.552896
-0.294414 -0.294414
-0.0502214 -0.0502214
0.366703 0.366703
0.278068 0.278068
0.264405 0.264405
0.624064 0.624064
0.617515 0.617515
-0.573049 -0.573049
0.574385 0.574385
0.15999 0.15999
-0.18178 -0.18178
0.53059 0.53059
-0.32265 -0.32265
0.360982 0.360982
-0.333807 -0.333807
0.142803 0.142803
-0.129541 -0.129541
-0.299692 -0.299692
-0.335208 -0.335208
0.696095 0.696095
0.266257 0.266257
-0.179276 -0.179276
-0.405047 -0.405047
-0.0577064 -0.0577064
-0.461673 -0.461673
0.482741 0.482741
0.0546998 0.0546998
-0.781813 -0.781813
0.696581 0.696581
0.0713885 0.0713885
-0.574618 -0.574618
-0.231821 -0.231821
0.620227 0.620227
-0.655265 -0.655265
0.119676 0.119676
0.571078 0.571078
0.0909532 0.0909532
0.299127 0.299127
-0.0263161 -0.0263161
0.621704 0.621704
-0.353712 -0.353712
0.0305602 0.0305602
-0.127567 -0.127567
0.393933 0.393933
-0.463137 -0.463137
-0.50123 -0.50123
-0.735052 -0.735052
0.803953 0.803953
-0.0804105 -0.0804105
0.264405 0.264405
-0.172435 -0.172435
-0.092885 -0.092885
0.647146 0.647146
-0.341582 -0.341582
0.716485 0.716485
-0.360427 -0.360427
0.291002 0.291002
0.74942 0.74942
0.305071 0.305071
0.205333 0.205333
-0.295548 -0.295548
-0.619151 -0.619151
-0.000541257 -0.000541257
0.494631 0.494631
-0.326971 -0.326971
0.333705 0.333705
0.182015 0.182015
-0.537841 -0.537841
-0.203853 -0.203853
0.0386037 0.0386037
-0.49718 -0.49718
-0.294414 -0.294414
0.15999 0.15999
-0.333807 -0.333807
0.696581 0.696581
-0.231821 -0.231821
0.620227 0.620227
-0.50123 -0.50123
-0.405047 -0.405047
-0.0343176 -0.0343176
-0.735069 -0.735069
0.203651 0.203651
-0.335208 -0.335208
0.696095 0.696095
0.142803 0.142803
0.552896 0.552896
-0.537845 -0.537845
-0.343671 -0.343671
-0.140079 -0.140079
0.624064 0.624064
0.213725 0.213725
0.188943 0.188943
-0.781813 -0.781813
0.363023 0.363023
-0.135451 -0.135451
-0.179276 -0.179276
-0.0577064 -0.0577064
-0.461673 -0.461673
0.0226947 0.0226947
0.0713885 0.0713885
0.597409 0.597409
0.101835 0.101835
0.621704 0.621704
-0.353712 -0.353712
-0.127567 -0.127567
0.571078 0.571078
0.601452 0.601452
-0.542676 -0.542676
-0.19935 -0.19935
-0.186349 -0.186349
0.393933 0.393933
0.345621 0.345621
-0.140663 -0.140663
-0.49718 -0.49718
-0.294414 -0.294414
0.617515 0.617515
0.574385 0.574385
0.715148 0.715148
0.360982 0.360982
0.188943 0.188943
-0.463137 -0.463137
0.155933 0.155933
-0.027884 -0.027884
-0.0502214 -0.0502214
0.290822 0.290822
0.33173 0.33173
-0.000422365 -0.000422365
0.179308 0.179308
0.53059 0.53059
0.601441 0.601441
0.729078 0.729078
0.0169005 0.0169005
0.361557 0.361557
-0.172435 -0.172435
-0.092885 -0.092885
-0.380686 -0.380686
0.56535 0.56535
0.393933 0.393933
0.716485 0.716485
0.363023 0.363023
-0.518582 -0.518582
-0.405047 -0.405047
0.413148 0.413148
-0.49718 -0.49718
-0.294414 -0.294414
-0.0657218 -0.0657218
-0.129541 -0.129541
-0.523741 -0.523741
0.450485 0.450485
-0.539134 -0.539134
0.0100028 0.0100028
-0.350311 -0.350311
0.32584 0.32584
0.266257 0.266257
-0.360427 -0.360427
0.291002 0.291002
-0.179276 -0.179276
0.74942 0.74942
0.305071 0.305071
0.497315 0.497315
0.205333 0.205333
0.278068 0.278068
-0.587446 -0.587446
0.640844 0.640844
-0.0577064 -0.0577064
-0.461673 -0.461673
0.621704 0.621704
0.615329 0.615329
-0.295548 -0.295548
-0.353712 -0.353712
-0.619151 -0.619151
-0.000541257 -0.000541257
0.366703 0.366703
-0.573049 -0.573049
0.182015 0.182015
-0.0263035 -0.0263035
0.170218 0.170218
-0.228803 -0.228803
-0.547463 -0.547463
0.549343 0.549343
-0.32265 -0.32265
0.647146 0.647146
-0.655265 -0.655265
0.494631 0.494631
0.536821 0.536821
-0.0364179 -0.0364179
-0.0848133 -0.0848133
-0.0343176 -0.0343176
0.203651 0.203651
0.470846 0.470846
0.32806 0.32806
0.333705 0.333705
-0.343671 -0.343671
0.0810413 0.0810413
0.0386037 0.0386037
0.552896 0.552896
0.624064 0.624064
-0.107299 -0.107299
-0.0714144 -0.0714144
-0.781813 -0.781813
0.621112 0.621112
0.601452 0.601452
0.571078 0.571078
0.432777 0.432777
0.0909532 0.0909532
-0.583195 -0.583195
-0.334038 -0.334038
-0.135451 -0.135451
0.597409 0.597409
0.0713885 0.0713885
-0.463137 -0.463137
0.360982 0.360982
-0.027884 -0.027884
0.290822 0.290822
0.179308 0.179308
-0.129541 -0.129541
-0.140663 -0.140663
0.715148 0.715148
0.155933 0.155933
-0.0502214 -0.0502214
0.33173 0.33173
-0.000422365 -0.000422365
-0.326971 -0.326971
0.779621 0.779621
-0.319908 -0.319908
0.540684 0.540684
-0.0657218 -0.0657218
0.53059 0.53059
0.0169005 0.0169005
0.450485 0.450485
0.601441 0.601441
0.729078 0.729078
-0.573049 -0.573049
0.361557 0.361557
-0.380686 -0.380686
0.56535 0.56535
-0.140079 -0.140079
0.32584 0.32584
0.213725 0.213725
0.188943 0.188943
-0.539134 -0.539134
-0.0263035 -0.0263035
0.363023 0.363023
-0.172435 -0.172435
-0.092885 -0.092885
-0.405047 -0.405047
0.716485 0.716485
0.413148 0.413148
-0.316636 -0.316636
0.266257 0.266257
0.170218 0.170218
0.497315 0.497315
-0.587446 -0.587446
-0.228803 -0.228803
-0.360427 -0.360427
-0.179276 -0.179276
-0.547463 -0.547463
0.278068 0.278068
-0.0577064 -0.0577064
0.0100028 0.0100028
-0.461673 -0.461673
-0.350311 -0.350311
0.291002 0.291002
0.366703 0.366703
0.640844 0.640844
0.74942 0.74942
0.305071 0.305071
-0.655265 -0.655265
0.621704 0.621704
-0.353712 -0.353712
0.205333 0.205333
-0.160128 -0.160128
0.140023 0.140023
-0.295548 -0.295548
-0.18178 -0.18178
-0.619151 -0.619151
0.0810413 0.0810413
-0.000541257 -0.000541257
-0.107299 -0.107299
0.615329 0.615329
0.647146 0.647146
0.182015 0.182015
0.552896 0.552896
-0.0714144 -0.0714144
0.624064 0.624064
0.203651 0.203651
0.601452 0.601452
0.597409 0.597409
-0.562915 -0.562915
-0.32265 -0.32265
0.470846 0.470846
-0.0364179 -0.0364179
0.287575 0.287575
-0.0848133 -0.0848133
0.155933 0.155933
0.360982 0.360982
0.450485 0.450485
0.32806 0.32806
0.68806 0.68806
0.33173 0.33173
0.571078 0.571078
-0.214206 -0.214206
0.432777 0.432777
-0.583195 -0.583195
-0.712622 -0.712622
-0.334038 -0.334038
-0.027884 -0.027884
0.0909532 0.0909532
0.115448 0.115448
0.729078 0.729078
-0.343671 -0.343671
-0.573049 -0.573049
0.179308 0.179308
0.361557 0.361557
-0.603442 -0.603442
0.696095 0.696095
-0.295548 -0.295548
-0.619151 -0.619151
-0.478154 -0.478154
0.182015 0.182015
-0.092885 -0.092885
-0.335208 -0.335208
0.0992504 0.0992504
-0.463137 -0.463137
-0.326971 -0.326971
0.203651 0.203651
0.213725 0.213725
0.597409 0.597409
0.647146 0.647146
0.552896 0.552896
0.624064 0.624064
0.155933 0.155933
0.33173 0.33173
0.266257 0.266257
0.729078 0.729078
0.361557 0.361557
-0.000541257 -0.000541257
0.779621 0.779621
0.278068 0.278068
-0.319908 -0.319908
-0.516599 -0.516599
-0.18178 -0.18178
0.450485 0.450485
0.753306 0.753306
-0.573049 -0.573049
0.540684 0.540684
0.216684 0.216684
0.0169005 0.0169005
0.494631 0.494631
-0.326971 -0.326971
0.647146 0.647146
0.333705 0.333705
0.0386037 0.0386037
0.552896 0.552896
0.624064 0.624064
-0.463137 -0.463137
0.213725 0.213725
-0.179276 -0.179276
0.560949 0.560949
0.0756017 0.0756017
0.266257 0.266257
0.530566 0.530566
0.716485 0.716485
-0.360427 -0.360427
-0.713771 -0.713771
-0.0343176 -0.0343176
-0.781813 -0.781813
0.278068 0.278068
0.203651 0.203651
-0.0577064 -0.0577064
-0.461673 -0.461673
-0.0657218 -0.0657218
0.188943 0.188943
0.621704 0.621704
-0.353712 -0.353712
-0.160128 -0.160128
0.112801 0.112801
0.140023 0.140023
0.576353 0.576353
0.363023 0.363023
-0.135451 -0.135451
-0.405047 -0.405047
0.450485 0.450485
-0.350311 -0.350311
0.360982 0.360982
0.366703 0.366703
-0.027884 -0.027884
-0.32265 -0.32265
-0.573049 -0.573049
0.597409 0.597409
0.179308 0.179308
-0.0263035 -0.0263035
-0.655265 -0.655265
-0.140663 -0.140663
0.170218 0.170218
0.715148 0.715148
-0.228803 -0.228803
0.155933 0.155933
-0.0502214 -0.0502214
0.33173 0.33173
-0.000422365 -0.000422365
0.601452 0.601452
0.571078 0.571078
0.0909532 0.0909532
0.601441 0.601441
0.549343 0.549343
-0.562915 -0.562915
-0.214206 -0.214206
-0.712622 -0.712622
0.115448 0.115448
0.729078 0.729078
-0.326971 -0.326971
0.0169005 0.0169005
0.68806 0.68806
0.361557 0.361557
-0.335208 -0.335208
-0.603442 -0.603442
0.696095 0.696095
0.112801 0.112801
-0.140079 -0.140079
-0.343671 -0.343671
0.213725 0.213725
0.647146 0.647146
-0.463137 -0.463137
0.333705 0.333705
0.188943 0.188943
0.0386037 0.0386037
0.552896 0.552896
0.624064 0.624064
0.266257 0.266257
-0.781813 -0.781813
0.0713885 0.0713885
0.278068 0.278068
0.640844 0.640844
0.615329 0.615329
0.363023 0.363023
-0.405047 -0.405047
-0.350311 -0.350311
0.366703 0.366703
-0.32265 -0.32265
-0.539134 -0.539134
-0.655265 -0.655265
0.554833 0.554833
-0.172435 -0.172435
-0.179276 -0.179276
-0.092885 -0.092885
0.497315 0.497315
-0.0364179 -0.0364179
-0.587446 -0.587446
-0.0848133 -0.0848133
0.0992504 0.0992504
-0.362752 -0.362752
-0.0577064 -0.0577064
-0.461673 -0.461673
0.716485 0.716485
-0.583195 -0.583195
-0.334038 -0.334038
0.621704 0.621704
-0.0657218 -0.0657218
0.601452 0.601452
-0.360427 -0.360427
-0.516599 -0.516599
-0.547463 -0.547463
0.571078 0.571078
0.291002 0.291002
0.0909532 0.0909532
0.360982 0.360982
0.753306 0.753306
0.74942 0.74942
0.305071 0.305071
-0.353712 -0.353712
0.450485 0.450485
-0.027884 -0.027884
0.205333 0.205333
0.216684 0.216684
0.290822 0.290822
0.179308 0.179308
-0.295548 -0.295548
-0.619151 -0.619151
-0.326971 -0.326971
-0.573049 -0.573049
0.0169005 0.0169005
-0.140079 -0.140079
0.53059 0.53059
0.213725 0.213725
0.494631 0.494631
-0.0343176 -0.0343176
0.203651 0.203651
-0.380686 -0.380686
0.56535 0.56535
-0.0263035 -0.0263035
0.32584 0.32584
0.560949 0.560949
0.170218 0.170218
0.0756017 0.0756017
-0.228803 -0.228803
0.530566 0.530566
0.188943 0.188943
0.363023 0.363023
-0.0243165 -0.0243165
-0.350311 -0.350311
-0.135451 -0.135451
-0.405047 -0.405047
0.266257 0.266257
0.413148 0.413148
0.366703 0.366703
0.621683 0.621683
-0.354375 -0.354375
0.597409 0.597409
-0.140663 -0.140663
0.715148 0.715148
0.155933 0.155933
-0.0502214 -0.0502214
0.33173 0.33173
-0.000422365 -0.000422365
0.278068 0.278068
0.640844 0.640844
0.615329 0.615329
0.601441 0.601441
0.729078 0.729078
0.361557 0.361557
-0.544289 -0.544289
-0.32265 -0.32265
0.182015 0.182015
-0.0364179 -0.0364179
-0.0848133 -0.0848133
0.0100028 0.0100028
0.470846 0.470846
-0.583195 -0.583195
-0.334038 -0.334038
0.32806 0.32806
0.647146 0.647146
-0.655265 -0.655265
-0.539134 -0.539134
-0.343671 -0.343671
-0.179276 -0.179276
0.0810413 0.0810413
-0.107299 -0.107299
-0.0577064 -0.0577064
-0.461673 -0.461673
0.552896 0.552896
0.497315 0.497315
-0.0714144 -0.0714144
-0.587446 -0.587446
0.624064 0.624064
0.601452 0.601452
-0.326971 -0.326971
0.621704 0.621704
-0.335208 -0.335208
0.696095 0.696095
-0.353712 -0.353712
0.112801 0.112801
-0.547463 -0.547463
-0.781813 -0.781813
0.0713885 0.0713885
0.360982 0.360982
0.571078 0.571078
0.213725 0.213725
0.554833 0.554833
0.450485 0.450485
-0.172435 -0.172435
-0.092885 -0.092885
0.0992504 0.0992504
-0.362752 -0.362752
0.716485 0.716485
0.432777 0.432777
-0.027884 -0.027884
0.0909532 0.0909532
0.290822 0.290822
0.179308 0.179308
-0.360427 -0.360427
-0.573049 -0.573049
0.291002 0.291002
0.74942 0.74942
0.305071 0.305071
0.53059 0.53059
0.205333 0.205333
-0.295548 -0.295548
-0.619151 -0.619151
0.647146 0.647146
-0.380686 -0.380686
0.56535 0.56535
0.552896 0.552896
0.203651 0.203651
0.0169005 0.0169005
0.32584 0.32584
0.597409 0.597409
0.266257 0.266257
0.624064 0.624064
0.779621 0.779621
0.278068 0.278068
-0.319908 -0.319908
-0.343671 -0.343671
0.540684 0.540684
0.450485 0.450485
-0.573049 -0.573049
0.530566 0.530566
-0.350311 -0.350311
0.155933 0.155933
-0.0243165 -0.0243165
0.621683 0.621683
-0.354375 -0.354375
0.33173 0.33173
0.188943 0.188943
0.182015 0.182015
0.366703 0.366703
-0.326971 -0.326971
-0.32265 -0.32265
0.360982 0.360982
-0.027884 -0.027884
0.179308 0.179308
0.213725 0.213725
-0.179276 -0.179276
0.363023 0.363023
0.470846 0.470846
-0.405047 -0.405047
0.413148 0.413148
0.729078 0.729078
0.361557 0.361557
0.32806 0.32806
0.0100028 0.0100028
-0.0577064 -0.0577064
-0.461673 -0.461673
0.266257 0.266257
-0.655265 -0.655265
0.278068 0.278068
0.0810413 0.0810413
-0.107299 -0.107299
-0.0714144 -0.0714144
0.601452 0.601452
0.571078 0.571078
0.621704 0.621704
-0.353712 -0.353712
0.432777 0.432777
0.0909532 0.0909532
0.779621 0.779621
-0.160128 -0.160128
-0.319908 -0.319908
0.140023 0.140023
-0.562915 -0.562915
0.287575 0.287575
-0.214206 -0.214206
-0.712622 -0.712622
0.115448 0.115448
-0.603442 -0.603442
-0.478154 -0.478154
0.203651 0.203651
0.0169005 0.0169005
-0.335208 -0.335208
0.696095 0.696095
0.597409 0.597409
0.540684 0.540684
0.68806 0.68806
-0.781813 -0.781813
0.155933 0.155933
0.188943 0.188943
0.33173 0.33173
0.0713885 0.0713885
-0.343671 -0.343671
0.360982 0.360982
-0.027884 -0.027884
-0.179276 -0.179276
0.179308 0.179308
-0.0577064 -0.0577064
0.729078 0.729078
0.361557 0.361557
0.363023 0.363023
-0.461673 -0.461673
-0.405047 -0.405047
-0.350311 -0.350311
0.366703 0.366703
0.621704 0.621704
-0.32265 -0.32265
-0.353712 -0.353712
-0.655265 -0.655265
-0.160128 -0.160128
0.140023 0.140023
0.601452 0.601452
0.571078 0.571078
0.0909532 0.0909532
-0.172435 -0.172435
-0.092885 -0.092885
0.716485 0.716485
-0.360427 -0.360427
0.291002 0.291002
0.74942 0.74942
0.305071 0.305071
0.0969721 0.0969721
0.0169005 0.0169005
0.595963 0.595963
0.205333 0.205333
-0.295548 -0.295548
-0.619151 -0.619151
0.182015 0.182015
-0.562915 -0.562915
-0.350311 -0.350311
0.366703 0.366703
-0.516599 -0.516599
-0.32265 -0.32265
-0.214206 -0.214206
-0.712622 -0.712622
0.115448 0.115448
-0.603442 -0.603442
0.753306 0.753306
0.216684 0.216684
0.560949 0.560949
0.0756017 0.0756017
0.188943 0.188943
0.363023 0.363023
-0.405047 -0.405047
-0.335208 -0.335208
0.696095 0.696095
-0.655265 -0.655265
0.601452 0.601452
0.571078 0.571078
0.0909532 0.0909532
-0.179276 -0.179276
-0.781813 -0.781813
-0.0577064 -0.0577064
-0.461673 -0.461673
0.621704 0.621704
0.0713885 0.0713885
-0.353712 -0.353712
-0.172435 -0.172435
-0.092885 -0.092885
0.716485 0.716485
-0.360427 -0.360427
0.291002 0.291002
0.74942 0.74942
0.305071 0.305071
0.205333 0.205333
-0.295548 -0.295548
-0.619151 -0.619151
0.182015 0.182015
0.68806 0.68806
-0.343671 -0.343671
-0.455135 -0.455135
0.155974 0.155974
0.571278 0.571278
0.179255 0.179255
-0.516599 -0.516599
0.753306 0.753306
0.216684 0.216684
0.560949 0.560949
0.0756017 0.0756017
0.76825 0.76825
0.244996 0.244996
0.155974 0.155974
-0.179276 -0.179276
-0.335208 -0.335208
-0.0577064 -0.0577064
-0.461673 -0.461673
0.696095 0.696095
0.112801 0.112801
0.621704 0.621704
-0.353712 -0.353712
-0.781813 -0.781813
0.0713885 0.0713885
0.554833 0.554833
-0.172435 -0.172435
-0.092885 -0.092885
0.0992504 0.0992504
-0.362752 -0.362752
0.716485 0.716485
-0.343671 -0.343671
-0.360427 -0.360427
0.291002 0.291002
0.74942 0.74942
0.305071 0.305071
0.205333 0.205333
-0.295548 -0.295548
-0.619151 -0.619151
0.530566 0.530566
-0.0243165 -0.0243165
0.621683 0.621683
-0.354375 -0.354375
-0.544289 -0.544289
0.182015 0.182015
-0.161321 -0.161321
0.0519124 0.0519124
-0.343671 -0.343671
-0.335208 -0.335208
0.696095 0.696095
0.112801 0.112801
-0.781813 -0.781813
0.0713885 0.0713885
0.554833 0.554833
-0.172435 -0.172435
-0.092885 -0.092885
0.0992504 0.0992504
-0.362752 -0.362752
0.716485 0.716485
-0.360427 -0.360427
0.291002 0.291002
0.74942 0.74942
0.305071 0.305071
0.205333 0.205333
-0.295548 -0.295548
-0.619151 -0.619151
0.530566 0.530566
-0.0243165 -0.0243165
0.621683 0.621683
-0.354375 -0.354375
0.182015 0.182015
-0.335208 -0.335208
0.696095 0.696095
-0.781813 -0.781813
-0.0570285 -0.0570285
0.623652 0.623652
0.0713885 0.0713885
-0.172435 -0.172435
-0.092885 -0.092885
0.716485 0.716485
-0.360427 -0.360427
0.291002 0.291002
0.74942 0.74942
0.305071 0.305071
0.205333 0.205333
-0.295548 -0.295548
-0.619151 -0.619151
0.182015 0.182015
-0.335208 -0.335208
0.696095 0.696095
-0.781813 -0.781813
0.0713885 0.0713885
-0.172435 -0.172435
-0.092885 -0.092885
0.716485 0.716485
-0.360427 -0.360427
0.291002 0.291002
0.74942 0.74942
0.305071 0.305071
0.205333 0.205333
-0.295548 -0.295548
-0.619151 -0.619151
0.182015 0.182015
0.166064 0.166064
0.580451 0.580451
-0.241266 -0.241266
0.255214 0.255214
-0.58319 -0.58319
-0.403218 -0.403218
-0.125329 -0.125329
0.746185 0.746185
-0.460895 -0.460895
0.570288 0.570288
0.763433 0.763433
-0.0596139 -0.0596139
0.692559 0.692559
0.334529 0.334529
-0.249065 -0.249065
-0.616126 -0.616126
-0.703635 -0.703635
-0.365597 -0.365597
0.548987 0.548987
0.0648076 0.0648076
0.178762 0.178762
-0.0819733 -0.0819733
0.647759 0.647759
0.141167 0.141167
-0.776161 -0.776161
0.604654 0.604654
-0.467298 -0.467298
0.385069 0.385069
0.166064 0.166064
-0.703635 -0.703635
-0.365597 -0.365597
0.548987 0.548987
0.580451 0.580451
0.0648076 0.0648076
0.178762 0.178762
-0.0819733 -0.0819733
0.647759 0.647759
-0.241266 -0.241266
0.141167 0.141167
0.255214 0.255214
-0.58319 -0.58319
-0.776161 -0.776161
-0.403218 -0.403218
0.746185 0.746185
-0.460895 -0.460895
0.570288 0.570288
0.763433 0.763433
-0.0596139 -0.0596139
0.692559 0.692559
-0.467298 -0.467298
-0.249065 -0.249065
-0.616126 -0.616126
0.385069 0.385069
0.166064 0.166064
0.548987 0.548987
0.580451 0.580451
0.0648076 0.0648076
0.178762 0.178762
-0.0819733 -0.0819733
0.647759 0.647759
0.141167 0.141167
-0.241266 -0.241266
0.255214 0.255214
-0.58319 -0.58319
-0.776161 -0.776161
-0.125329 -0.125329
0.746185 0.746185
-0.460895 -0.460895
0.570288 0.570288
0.763433 0.763433
-0.0596139 -0.0596139
0.692559 0.692559
0.604654 0.604654
-0.467298 -0.467298
-0.403218 -0.403218
0.334529 0.334529
-0.249065 -0.249065
-0.616126 -0.616126
0.385069 0.385069
-0.703635 -0.703635
-0.365597 -0.365597
0.166064 0.166064
0.580451 0.580451
-0.241266 -0.241266
0.255214 0.255214
-0.58319 -0.58319
0.746185 0.746185
-0.460895 -0.460895
0.570288 0.570288
0.763433 0.763433
-0.0596139 -0.0596139
0.692559 0.692559
0.548987 0.548987
0.0648076 0.0648076
0.178762 0.178762
-0.0819733 -0.0819733
0.647759 0.647759
0.141167 0.141167
-0.776161 -0.776161
-0.403218 -0.403218
-0.467298 -0.467298
-0.249065 -0.249065
-0.616126 -0.616126
0.580451 0.580451
0.255214 0.255214
-0.58319 -0.58319
-0.403218 -0.403218
0.385069 0.385069
0.580451 0.580451
0.255214 0.255214
-0.58319 -0.58319
-0.403218 -0.403218
-0.703635 -0.703635
-0.365597 -0.365597
0.580451 0.580451
-0.58319 -0.58319
-0.403218 -0.403218
-0.703635 -0.703635
0.548987 0.548987
0.0648076 0.0648076
0.647759 0.647759
0.141167 0.141167
-0.460895 -0.460895
0.570288 0.570288
-0.58319 -0.58319
-0.703635 -0.703635
0.548987 0.548987
0.0648076 0.0648076
0.647759 0.647759
0.141167 0.141167
0.166064 0.166064
-0.703635 -0.703635
0.548987 0.548987
0.0648076 0.0648076
0.647759 0.647759
0.141167 0.141167
0.580451 0.580451
-0.241266 -0.241266
0.255214 0.255214
-0.58319 -0.58319
-0.403218 -0.403218
-0.460895 -0.460895
0.570288 0.570288
0.334529 0.334529
0.647759 0.647759
0.141167 0.141167
-0.0819733 -0.0819733
0.0648076 0.0648076
-0.365597 -0.365597
-0.703635 -0.703635
0.166064 0.166064
0.580451 0.580451
-0.241266 -0.241266
0.255214 0.255214
-0.58319 -0.58319
-0.403218 -0.403218
-0.460895 -0.460895
0.570288 0.570288
-0.703635 -0.703635
0.0648076 0.0648076
-0.0819733 -0.0819733
0.647759 0.647759
0.141167 0.141167
-0.776161 -0.776161
-0.703635 -0.703635
0.580451 0.580451
0.255214 0.255214
-0.58319 -0.58319
-0.403218 -0.403218
0.0648076 0.0648076
-0.0819733 -0.0819733
0.647759 0.647759
0.141167 0.141167
-0.776161 -0.776161
-0.703635 -0.703635
0.580451 0.580451
0.0648076 0.0648076
0.647759 0.647759
0.141167 0.141167
0.255214 0.255214
-0.58319 -0.58319
-0.403218 -0.403218
0.166064 0.166064
0.580451 0.580451
-0.241266 -0.241266
0.255214 0.255214
-0.58319 -0.58319
-0.403218 -0.403218
-0.460895 -0.460895
0.570288 0.570288
0.334529 0.334529
-0.703635 -0.703635
0.0648076 0.0648076
0.647759 0.647759
0.141167 0.141167
0.166064 0.166064
0.580451 0.580451
-0.241266 -0.241266
0.255214 0.255214
-0.58319 -0.58319
-0.403218 -0.403218
-0.460895 -0.460895
0.570288 0.570288
-0.703635 -0.703635
0.0648076 0.0648076
-0.0819733 -0.0819733
0.647759 0.647759
0.141167 0.141167
-0.776161 -0.776161
0.580451 0.580451
0.255214 0.255214
-0.58319 -0.58319
-0.403218 -0.403218
0.580451 0.580451
0.255214 0.255214
-0.58319 -0.58319
-0.703635 -0.703635
-0.403218 -0.403218
0.0648076 0.0648076
-0.0819733 -0.0819733
0.647759 0.647759
0.141167 0.141167
-0.776161 -0.776161
-0.703635 -0.703635
0.0648076 0.0648076
0.647759 0.647759
0.141167 0.141167
-0.703635 -0.703635
0.0648076 0.0648076
0.647759 0.647759
0.141167 0.141167
-0.0752794 -0.0752794
0.569135 0.569135
0.558321 0.558321
-0.0555237 -0.0555237
0.180771 0.180771
-0.729222 -0.729222
-0.643703 -0.643703
0.180771 0.180771
-0.198401 -0.198401
-0.654026 -0.654026
-0.191137 -0.191137
0.701948 0.701948
0.18355 0.18355
0.342129 0.342129
0.153614 0.153614
0.0565843 0.0565843
-0.102647 -0.102647
-0.0752794 -0.0752794
0.569135 0.569135
-0.0555237 -0.0555237
-0.729222 -0.729222
-0.643703 -0.643703
-0.191137 -0.191137
0.701948 0.701948
0.18355 0.18355
0.342129 0.342129
0.153614 0.153614
0.0565843 0.0565843
-0.102647 -0.102647
-0.0752794 -0.0752794
0.569135 0.569135
-0.0555237 -0.0555237
-0.729222 -0.729222
-0.643703 -0.643703
-0.191137 -0.191137
0.701948 0.701948
0.18355 0.18355
0.342129 0.342129
0.153614 0.153614
0.0565843 0.0565843
-0.102647 -0.102647
-0.0752794 -0.0752794
0.569135 0.569135
-0.0555237 -0.0555237
-0.729222 -0.729222
-0.643703 -0.643703
-0.191137 -0.191137
0.701948 0.701948
0.18355 0.18355
0.342129 0.342129
0.153614 0.153614
0.0565843 0.0565843
-0.102647 -0.102647
-0.0752794 -0.0752794
0.569135 0.569135
-0.729222 -0.729222
0.153614 0.153614
-0.102647 -0.102647
-0.0752794 -0.0752794
0.569135 0.569135
-0.729222 -0.729222
0.153614 0.153614
-0.102647 -0.102647
-0.0752794 -0.0752794
0.569135 0.569135
-0.729222 -0.729222
-0.0752794 -0.0752794
0.569135 0.569135
-0.191137 -0.191137
-0.102647 -0.102647
0.153614 0.153614
0.0565843 0.0565843
-0.0752794 -0.0752794
0.569135 0.569135
-0.0555237 -0.0555237
-0.729222 -0.729222
-0.643703 -0.643703
-0.191137 -0.191137
0.18355 0.18355
-0.0752794 -0.0752794
0.569135 0.569135
-0.0555237 -0.0555237
-0.729222 -0.729222
-0.643703 -0.643703
-0.191137 -0.191137
0.18355 0.18355
-0.0752794 -0.0752794
0.569135 0.569135
-0.729222 -0.729222
-0.0752794 -0.0752794
0.569135 0.569135
-0.729222 -0.729222
-0.0752794 -0.0752794
0.569135 0.569135
-0.0555237 -0.0555237
-0.729222 -0.729222
-0.643703 -0.643703
-0.191137 -0.191137
0.18355 0.18355
-0.0752794 -0.0752794
0.569135 0.569135
-0.0555237 -0.0555237
-0.729222 -0.729222
-0.643703 -0.643703
-0.191137 -0.191137
0.18355 0.18355
-0.0752794 -0.0752794
0.569135 0.569135
-0.729222 -0.729222
-0.0752794 -0.0752794
0.569135 0.569135
-0.729222 -0.729222
-0.708701 -0.708701
0.4635 0.4635
-0.260766 -0.260766
-0.490555 -0.490555
-0.602183 -0.602183
-0.698223 -0.698223
0.0482288 0.0482288
0.664837 0.664837
-0.326395 -0.326395
-0.616943 -0.616943
0.453444 0.453444
-0.45533 -0.45533
0.0067255 0.0067255
-0.405239 -0.405239
0.0790377 0.0790377
0.777973 0.777973
-0.0596912 -0.0596912
-0.658926 -0.658926
-0.573047 -0.573047
0.71512 0.71512
-0.242571 -0.242571
-0.0566883 -0.0566883
0.41918 0.41918
0.46265 0.46265
0.240808 0.240808
-0.408883 -0.408883
-0.374356 -0.374356
-0.708701 -0.708701
0.4635 0.4635
-0.260766 -0.260766
-0.490555 -0.490555
0.0482288 0.0482288
0.664837 0.664837
-0.326395 -0.326395
-0.616943 -0.616943
0.453444 0.453444
-0.45533 -0.45533
0.0067255 0.0067255
-0.405239 -0.405239
0.0790377 0.0790377
0.777973 0.777973
-0.0596912 -0.0596912
-0.658926 -0.658926
-0.573047 -0.573047
0.71512 0.71512
-0.0566883 -0.0566883
0.41918 0.41918
0.46265 0.46265
0.240808 0.240808
-0.408883 -0.408883
-0.374356 -0.374356
0.4635 0.4635
-0.260766 -0.260766
-0.490555 -0.490555
-0.602183 -0.602183
-0.698223 -0.698223
0.0482288 0.0482288
0.664837 0.664837
-0.326395 -0.326395
-0.616943 -0.616943
0.453444 0.453444
-0.45533 -0.45533
0.0067255 0.0067255
-0.405239 -0.405239
0.0790377 0.0790377
0.777973 0.777973
-0.0596912 -0.0596912
-0.658926 -0.658926
-0.573047 -0.573047
0.71512 0.71512
-0.242571 -0.242571
-0.0566883 -0.0566883
0.41918 0.41918
0.46265 0.46265
0.240808 0.240808
-0.408883 -0.408883
-0.374356 -0.374356
-0.708701 -0.708701
0.4635 0.4635
-0.260766 -0.260766
-0.490555 -0.490555
0.0482288 0.0482288
0.664837 0.664837
-0.326395 -0.326395
-0.616943 -0.616943
0.453444 0.453444
-0.45533 -0.45533
0.0067255 0.0067255
-0.405239 -0.405239
0.0790377 0.0790377
0.777973 0.777973
-0.0596912 -0.0596912
-0.658926 -0.658926
-0.573047 -0.573047
0.71512 0.71512
-0.0566883 -0.0566883
0.41918 0.41918
0.46265 0.46265
0.240808 0.240808
-0.408883 -0.408883
-0.374356 -0.374356
-0.708701 -0.708701
-0.708701 -0.708701
0.4635 0.4635
-0.260766 -0.260766
-0.490555 -0.490555
-0.602183 -0.602183
-0.698223 -0.698223
0.0482288 0.0482288
0.664837 0.664837
-0.326395 -0.326395
0.0067255 0.0067255
-0.405239 -0.405239
-0.408883 -0.408883
-0.374356 -0.374356
-0.708701 -0.708701
0.4635 0.4635
-0.260766 -0.260766
-0.490555 -0.490555
0.0482288 0.0482288
0.664837 0.664837
-0.326395 -0.326395
0.0067255 0.0067255
-0.405239 -0.405239
-0.408883 -0.408883
-0.374356 -0.374356
0.4635 0.4635
-0.260766 -0.260766
-0.490555 -0.490555
-0.698223 -0.698223
0.0482288 0.0482288
0.664837 0.664837
-0.326395 -0.326395
0.0067255 0.0067255
-0.408883 -0.408883
-0.490555 -0.490555
0.0482288 0.0482288
0.664837 0.664837
-0.708701 -0.708701
-0.326395 -0.326395
-0.260766 -0.260766
0.46265 0.46265
0.240808 0.240808
-0.658926 -0.658926
0.777973 0.777973
-0.408883 -0.408883
-0.374356 -0.374356
0.4635 0.4635
-0.708701 -0.708701
0.4635 0.4635
-0.260766 -0.260766
-0.490555 -0.490555
-0.602183 -0.602183
-0.698223 -0.698223
0.0482288 0.0482288
0.664837 0.664837
-0.326395 -0.326395
0.453444 0.453444
-0.45533 -0.45533
0.0067255 0.0067255
-0.405239 -0.405239
0.0790377 0.0790377
0.777973 0.777973
-0.573047 -0.573047
0.71512 0.71512
-0.0566883 -0.0566883
0.41918 0.41918
0.46265 0.46265
0.240808 0.240808
-0.708701 -0.708701
0.4635 0.4635
-0.260766 -0.260766
-0.490555 -0.490555
0.0482288 0.0482288
0.664837 0.664837
-0.326395 -0.326395
0.453444 0.453444
-0.45533 -0.45533
0.0067255 0.0067255
-0.405239 -0.405239
0.0790377 0.0790377
0.777973 0.777973
-0.573047 -0.573047
0.71512 0.71512
-0.0566883 -0.0566883
0.41918 0.41918
0.46265 0.46265
0.240808 0.240808
-0.708701 -0.708701
0.4635 0.4635
-0.260766 -0.260766
-0.490555 -0.490555
-0.602183 -0.602183
-0.698223 -0.698223
0.0482288 0.0482288
0.664837 0.664837
-0.326395 -0.326395
0.0067255 0.0067255
-0.405239 -0.405239
-0.708701 -0.708701
0.4635 0.4635
-0.260766 -0.260766
-0.490555 -0.490555
0.0482288 0.0482288
0.664837 0.664837
-0.326395 -0.326395
0.0067255 0.0067255
-0.405239 -0.405239
-0.708701 -0.708701
0.4635 0.4635
-0.260766 -0.260766
-0.490555 -0.490555
-0.602183 -0.602183
-0.698223 -0.698223
0.0482288 0.0482288
0.664837 0.664837
-0.326395 -0.326395
0.453444 0.453444
-0.45533 -0.45533
0.0067255 0.0067255
-0.405239 -0.405239
0.0790377 0.0790377
0.777973 0.777973
-0.573047 -0.573047
0.71512 0.71512
-0.0566883 -0.0566883
0.41918 0.41918
0.46265 0.46265
0.240808 0.240808
-0.708701 -0.708701
0.4635 0.4635
-0.260766 -0.260766
-0.490555 -0.490555
0.0482288 0.0482288
0.664837 0.664837
-0.326395 -0.326395
0.453444 0.453444
-0.45533 -0.45533
0.0067255 0.0067255
-0.405239 -0.405239
0.0790377 0.0790377
0.777973 0.777973
-0.573047 -0.573047
0.71512 0.71512
-0.0566883 -0.0566883
0.41918 0.41918
0.46265 0.46265
0.240808 0.240808
-0.708701 -0.708701
0.4635 0.4635
-0.260766 -0.260766
-0.490555 -0.490555
-0.602183 -0.602183
-0.698223 -0.698223
0.0482288 0.0482288
0.664837 0.664837
-0.326395 -0.326395
0.0067255 0.0067255
-0.405239 -0.405239
-0.708701 -0.708701
0.4635 0.4635
-0.260766 -0.260766
-0.490555 -0.490555
0.0482288 0.0482288
0.664837 0.664837
-0.326395 -0.326395
0.0067255 0.0067255
-0.405239 -0.405239
-0.698224 -0.698224
-0.698224 -0.698224
-0.707595 -0.707595
-0.697134 -0.697134
0.437903 0.437903
-0.463137 -0.463137
-0.18178 -0.18178
-0.463137 -0.463137
-0.18178 -0.18178
-0.18178 -0.18178
-0.463137 -0.463137
-0.18178 -0.18178
-0.463137 -0.463137
-0.463137 -0.463137
-0.463137 -0.463137
-0.463137 -0.463137
-0.18178 -0.18178
-0.463137 -0.463137
-0.18178 -0.18178
-0.463137 -0.463137
-0.463137 -0.463137
-0.463137 -0.463137
-0.18178 -0.18178
-0.463137 -0.463137
-0.18178 -0.18178
-0.463137 -0.463137
-0.463137 -0.463137
